28525634 107.494868200

0 0.833333333
1 0.714285714
2 0.625000000
3 0.118670740
4 0.134508446
5 0.118681726
6 0.562500000
7 0.409090909
8 0.666666667
9 0.000000000
10 0.201635735
11 0.240390024
12 0.209854313
13 0.199439950
14 0.199439950
15 0.000000000
16 0.166320706
17 0.454545455
18 0.600000000
19 1.000000000
20 0.000000000
21 0.134254896
22 0.134198681
23 0.134184635
24 0.167910936
25 0.167888947
26 0.167910936
27 0.167910936
28 0.167888947
29 0.666666667
30 1.000000000
31 1.000000000
32 1.000000000
33 0.666666667
34 0.428571429
35 0.666666667
36 0.441176471
37 0.576923077
38 0.000000000
39 0.000000000
40 1.000000000
41 1.000000000
42 0.727272727
43 0.727272727
44 0.800000000
45 0.888888889
46 1.000000000
47 1.000000000
48 0.173759827
49 0.198605732
50 0.468750000
51 0.727272727
52 0.615384615
53 0.193919226
54 1.000000000
55 1.000000000
56 1.000000000
57 1.000000000
58 0.193919226
59 0.193919226
60 0.193919226
61 1.000000000
62 0.000000000
63 1.000000000
64 1.000000000
65 0.571428571
66 1.000000000
67 1.000000000
68 1.000000000
69 0.173618635
70 0.147951529
71 1.000000000
72 0.600000000
73 1.000000000
74 1.000000000
75 1.000000000
76 1.000000000
77 0.607142857
78 0.607142857
79 0.600000000
80 0.600000000
81 0.600000000
82 0.140124604
83 0.162855691
84 0.140124604
85 0.140124604
86 0.140124604
87 0.140124604
88 0.134975784
89 0.134918964
90 0.155885214
91 1.000000000
92 0.714285714
93 0.888888889
94 0.615384615
95 0.134918964
96 0.666666667
97 0.727272727
98 0.600000000
99 1.000000000
100 0.600000000
101 0.600000000
102 1.000000000
103 0.666666667
104 1.000000000
105 0.666666667
106 0.666666667
107 0.600000000
108 1.000000000
109 1.000000000
110 0.500000000
111 1.000000000
112 0.666666667
113 1.000000000
114 1.000000000
115 0.800000000
116 1.000000000
117 1.000000000
118 1.000000000
119 0.600000000
120 0.515151515
121 0.000000000
122 0.571428571
123 1.000000000
124 0.571428571
125 0.571428571
126 0.571428571
127 1.000000000
128 0.666666667
129 0.571428571
130 0.571428571
131 0.666666667
132 0.777777778
133 1.000000000
134 1.000000000
135 0.163666539
136 0.143512818
137 1.000000000
138 1.000000000
139 1.000000000
140 1.000000000
141 1.000000000
142 1.000000000
143 1.000000000
144 1.000000000
145 0.600000000
146 0.600000000
147 1.000000000
148 1.000000000
149 1.000000000
150 1.000000000
151 1.000000000
152 1.000000000
153 1.000000000
154 1.000000000
155 1.000000000
156 1.000000000
157 1.000000000
158 1.000000000
159 1.000000000
160 1.000000000
161 0.555555556
162 1.000000000
163 1.000000000
164 0.833333333
165 0.625000000
166 0.833333333
167 0.625000000
168 0.625000000
169 0.625000000
170 0.666666667
171 0.666666667
172 0.666666667
173 1.000000000
174 1.000000000
175 0.666666667
176 1.000000000
177 0.205251361
178 0.202272010
179 0.172288671
180 0.172265520
181 1.000000000
182 1.000000000
183 1.000000000
184 1.000000000
185 0.185233348
186 0.178875401
187 0.178900363
188 0.666666667
189 0.461538462
190 0.750000000
191 0.000000000
192 0.000000000
193 0.148002771
194 0.173571622
195 0.147968606
196 1.000000000
197 1.000000000
198 1.000000000
199 1.000000000
200 0.642857143
201 1.000000000
202 1.000000000
203 1.000000000
204 1.000000000
205 0.000000000
206 0.205844573
207 0.170728459
208 0.184540089
209 0.000000000
210 0.727272727
211 0.000000000
212 0.175280284
213 0.176147293
214 0.000000000
215 0.170728459
216 0.500000000
217 0.000000000
218 0.000000000
219 0.500000000
220 0.000000000
221 1.000000000
222 1.000000000
223 1.000000000
224 0.118946001
225 0.118946001
226 0.800000000
227 0.800000000
228 0.170569452
229 0.170569452
230 0.170569452
231 0.170569452
232 0.170569452
233 0.170569452
234 0.170569452
235 0.170569452
236 0.170569452
237 0.170546761
238 0.170569452
239 0.167472240
240 0.163645647
241 1.000000000
242 1.000000000
243 0.134142513
244 0.134226783
245 0.118385816
246 0.636363636
247 0.411764706
248 0.144776962
249 0.126492353
250 0.126504835
251 0.800000000
252 0.194212998
253 1.000000000
254 0.666666667
255 0.571428571
256 1.000000000
257 1.000000000
258 0.500000000
259 0.500000000
260 0.800000000
261 0.217472434
262 0.180818054
263 0.692307692
264 1.000000000
265 1.000000000
266 1.000000000
267 0.625000000
268 1.000000000
269 0.118320258
270 0.818181818
271 0.692307692
272 0.692307692
273 1.000000000
274 0.692307692
275 0.545454545
276 0.170342812
277 0.170365449
278 0.600000000
279 0.600000000
280 0.571428571
281 0.312500000
282 0.134156551
283 0.545454545
284 1.000000000
285 1.000000000
286 0.538461538
287 0.518518519
288 0.875000000
289 0.538461538
290 0.666666667
291 1.000000000
292 1.000000000
293 0.666666667
294 0.000000000
295 1.000000000
296 1.000000000
297 1.000000000
298 1.000000000
299 0.170956127
300 0.146046936
301 0.146046936
302 0.146046936
303 0.156055995
304 0.135146532
305 0.135146532
306 0.135146532
307 0.135146532
308 0.135146532
309 0.135146532
310 0.135146532
311 0.135146532
312 0.135146532
313 0.135146532
314 0.135146532
315 0.181663596
316 0.181586402
317 0.181586402
318 0.209614127
319 0.202880203
320 0.181586402
321 0.181586402
322 0.181586402
323 0.181586402
324 0.184036750
325 0.155469318
326 0.155469318
327 0.159254658
328 0.146430611
329 0.146430611
330 0.146430611
331 0.146430611
332 0.146614822
333 0.146430611
334 0.146430611
335 0.146430611
336 0.146430611
337 0.146430611
338 0.146430611
339 0.146430611
340 0.146430611
341 0.146430611
342 0.146430611
343 0.146430611
344 0.146430611
345 0.146430611
346 0.146430611
347 0.146430611
348 0.146430611
349 0.146430611
350 0.146430611
351 0.146430611
352 0.146430611
353 0.146430611
354 0.146430611
355 0.146430611
356 0.146430611
357 0.146430611
358 0.146430611
359 0.146430611
360 0.146430611
361 0.146430611
362 0.146430611
363 0.146430611
364 0.146430611
365 0.146430611
366 0.146430611
367 0.146430611
368 0.146430611
369 0.146430611
370 0.146430611
371 0.146430611
372 0.146430611
373 0.146430611
374 0.146430611
375 0.173524635
376 0.173524635
377 0.173524635
378 0.170342812
379 0.170546761
380 0.666666667
381 0.666666667
382 0.126492353
383 0.134086393
384 1.000000000
385 1.000000000
386 0.128947898
387 0.128947898
388 0.500000000
389 0.500000000
390 0.215281276
391 0.177169707
392 0.163645647
393 0.387096774
394 0.500000000
395 0.461538462
396 1.000000000
397 1.000000000
398 1.000000000
399 1.000000000
400 0.571428571
401 0.571428571
402 0.571428571
403 0.461538462
404 1.000000000
405 1.000000000
406 1.000000000
407 0.571428571
408 0.198114665
409 0.198084054
410 0.198053453
411 1.000000000
412 1.000000000
413 1.000000000
414 1.000000000
415 1.000000000
416 0.154420622
417 0.182543073
418 0.180106772
419 0.182543073
420 0.164739142
421 0.183483612
422 1.000000000
423 0.666666667
424 1.000000000
425 0.413793103
426 0.170773944
427 0.170773944
428 0.170773944
429 0.170773944
430 0.170773944
431 0.170773944
432 0.170773944
433 0.170751199
434 0.170773944
435 0.170751199
436 0.215353603
437 0.215353603
438 0.215353603
439 0.164506608
440 0.164485502
441 0.213595468
442 0.213524317
443 0.238378579
444 0.213559887
445 0.213524317
446 0.213524317
447 0.213737913
448 0.625000000
449 0.833333333
450 0.192608173
451 0.192637115
452 0.192608173
453 0.447368421
454 0.192608173
455 0.192637115
456 1.000000000
457 1.000000000
458 1.000000000
459 0.571428571
460 0.188834880
461 1.000000000
462 0.180614258
463 0.153074627
464 0.153056351
465 0.153056351
466 0.202431707
467 0.184540089
468 1.000000000
469 1.000000000
470 1.000000000
471 1.000000000
472 1.000000000
473 1.000000000
474 1.000000000
475 1.000000000
476 1.000000000
477 1.000000000
478 1.000000000
479 1.000000000
480 1.000000000
481 0.211341906
482 0.220806063
483 0.243818943
484 0.202176313
485 0.205021590
486 0.202176313
487 0.202272010
488 0.202176313
489 0.202176313
490 0.168307733
491 0.168307733
492 0.168307733
493 0.164506608
494 0.141298358
495 0.219972546
496 0.185716355
497 0.185716355
498 0.185716355
499 0.185716355
500 0.185716355
501 0.185716355
502 0.185716355
503 0.185716355
504 0.185716355
505 0.185716355
506 0.219295245
507 0.219295245
508 0.185716355
509 0.435897436
510 0.320754717
511 0.320754717
512 1.000000000
513 0.541666667
514 0.541666667
515 0.173595125
516 0.173571622
517 0.147968606
518 0.466666667
519 1.000000000
520 1.000000000
521 1.000000000
522 1.000000000
523 1.000000000
524 1.000000000
525 0.909090909
526 1.000000000
527 0.909090909
528 1.000000000
529 1.000000000
530 0.163000636
531 0.163000636
532 0.163000636
533 0.193043216
534 0.163000636
535 0.163000636
536 0.163000636
537 0.193043216
538 0.163000636
539 0.162979914
540 1.000000000
541 1.000000000
542 1.000000000
543 1.000000000
544 1.000000000
545 1.000000000
546 1.000000000
547 0.170342812
548 0.170342812
549 1.000000000
550 1.000000000
551 0.625000000
552 0.625000000
553 0.454545455
554 0.173901248
555 0.214956405
556 0.215824916
557 0.214956405
558 0.214992453
559 0.240480210
560 0.214992453
561 0.215861256
562 0.234540798
563 0.214956405
564 0.215861256
565 0.215861256
566 0.234540798
567 0.234540798
568 0.215861256
569 0.240435109
570 0.216737109
571 0.214956405
572 0.237980323
573 0.173501150
574 0.173501150
575 0.134156551
576 1.000000000
577 1.000000000
578 0.232120225
579 0.207678600
580 0.207678600
581 0.207678600
582 0.207678600
583 0.207678600
584 0.162979914
585 0.625000000
586 0.181355213
587 0.153551324
588 0.153569717
589 0.666666667
590 1.000000000
591 0.207644963
592 1.000000000
593 1.000000000
594 1.000000000
595 1.000000000
596 0.666666667
597 1.000000000
598 1.000000000
599 1.000000000
600 0.666666667
601 0.500000000
602 1.000000000
603 1.000000000
604 1.000000000
605 1.000000000
606 1.000000000
607 1.000000000
608 0.666666667
609 1.000000000
610 1.000000000
611 0.196686100
612 0.164485502
613 0.196686100
614 1.000000000
615 1.000000000
616 1.000000000
617 1.000000000
618 1.000000000
619 1.000000000
620 0.434782609
621 0.312500000
622 0.180665163
623 0.215462185
624 0.215462185
625 0.180665163
626 0.180665163
627 0.215462185
628 1.000000000
629 1.000000000
630 0.216957184
631 0.215353603
632 0.215353603
633 0.215353603
634 0.215353603
635 0.215353603
636 0.215353603
637 0.215353603
638 1.000000000
639 0.700000000
640 0.700000000
641 0.700000000
642 1.000000000
643 1.000000000
644 0.600000000
645 0.750000000
646 0.750000000
647 0.700000000
648 0.700000000
649 0.700000000
650 0.218808670
651 0.240209856
652 0.214812332
653 0.153606518
654 0.153606518
655 0.173454201
656 0.173501150
657 0.173501150
658 0.173524635
659 0.215245131
660 0.240254873
661 0.215245131
662 0.215245131
663 0.215245131
664 0.198053453
665 0.198053453
666 0.198084054
667 0.000000000
668 0.000000000
669 0.170274937
670 0.170274937
671 0.170274937
672 0.170274937
673 0.170229717
674 0.170274937
675 0.000000000
676 0.533333333
677 1.000000000
678 0.533333333
679 0.533333333
680 0.533333333
681 0.533333333
682 1.000000000
683 1.000000000
684 0.533333333
685 0.533333333
686 0.533333333
687 1.000000000
688 0.666666667
689 0.138295577
690 0.121539628
691 0.121539628
692 0.121539628
693 0.121539628
694 0.157629411
695 0.137259101
696 0.137259101
697 0.137259101
698 0.137259101
699 0.193919226
700 0.193919226
701 0.193919226
702 0.193919226
703 0.188834880
704 0.188834880
705 0.219370294
706 0.188834880
707 0.188834880
708 0.188834880
709 0.188834880
710 0.326086957
711 0.250000000
712 1.000000000
713 1.000000000
714 1.000000000
715 1.000000000
716 0.666666667
717 0.692307692
718 1.000000000
719 1.000000000
720 1.000000000
721 0.900000000
722 0.181303917
723 0.181380872
724 0.181406537
725 0.181227029
726 0.181303917
727 0.181509274
728 0.181278281
729 0.181406537
730 0.181509274
731 0.692307692
732 0.692307692
733 0.692307692
734 0.692307692
735 0.900000000
736 0.181201413
737 0.181483579
738 0.181278281
739 0.181355213
740 0.181278281
741 0.181124611
742 0.181278281
743 0.178900363
744 0.181150205
745 0.181150205
746 0.181150205
747 0.178601282
748 0.181201413
749 0.600000000
750 1.000000000
751 0.600000000
752 0.600000000
753 0.666666667
754 1.000000000
755 1.000000000
756 0.106726607
757 0.119466965
758 1.000000000
759 1.000000000
760 0.198145286
761 0.198145286
762 0.198145286
763 0.198145286
764 1.000000000
765 1.000000000
766 0.147917388
767 0.147917388
768 0.147917388
769 1.000000000
770 1.000000000
771 0.135632670
772 1.000000000
773 1.000000000
774 1.000000000
775 1.000000000
776 1.000000000
777 0.168817487
778 0.168817487
779 0.168817487
780 0.168817487
781 0.168817487
782 0.168817487
783 0.168817487
784 0.153606518
785 0.153606518
786 0.153606518
787 0.000000000
788 0.000000000
789 1.000000000
790 1.000000000
791 1.000000000
792 0.600000000
793 0.600000000
794 0.750000000
795 1.000000000
796 1.000000000
797 1.000000000
798 1.000000000
799 1.000000000
800 1.000000000
801 0.583333333
802 1.000000000
803 0.181150205
804 0.181150205
805 0.181124611
806 1.000000000
807 0.583333333
808 0.583333333
809 0.583333333
810 0.636363636
811 0.636363636
812 0.181124611
813 0.777777778
814 0.777777778
815 1.000000000
816 0.875000000
817 1.000000000
818 0.875000000
819 0.777777778
820 0.777777778
821 1.000000000
822 0.666666667
823 1.000000000
824 1.000000000
825 0.833333333
826 0.833333333
827 0.833333333
828 1.000000000
829 0.000000000
830 0.202208202
831 0.196475096
832 0.196475096
833 0.196535337
834 0.186093773
835 0.186093773
836 0.168241470
837 0.168241470
838 0.195934587
839 0.195934587
840 0.195934587
841 0.000000000
842 1.000000000
843 1.000000000
844 1.000000000
845 1.000000000
846 0.000000000
847 0.000000000
848 1.000000000
849 1.000000000
850 1.000000000
851 1.000000000
852 1.000000000
853 0.153551324
854 0.153551324
855 0.771929825
856 0.771929825
857 0.771929825
858 0.771929825
859 0.771929825
860 0.771929825
861 0.800000000
862 0.771929825
863 0.771929825
864 0.956521739
865 0.771929825
866 0.771929825
867 0.771929825
868 0.771929825
869 0.771929825
870 0.771929825
871 0.771929825
872 0.771929825
873 0.771929825
874 0.771929825
875 0.771929825
876 0.771929825
877 0.771929825
878 0.771929825
879 0.814814815
880 0.771929825
881 0.771929825
882 0.771929825
883 0.771929825
884 0.771929825
885 0.771929825
886 0.771929825
887 1.000000000
888 1.000000000
889 1.000000000
890 0.888888889
891 1.000000000
892 1.000000000
893 1.000000000
894 1.000000000
895 0.888888889
896 0.173501150
897 0.173501150
898 1.000000000
899 1.000000000
900 1.000000000
901 1.000000000
902 1.000000000
903 1.000000000
904 1.000000000
905 1.000000000
906 1.000000000
907 1.000000000
908 1.000000000
909 1.000000000
910 1.000000000
911 1.000000000
912 1.000000000
913 1.000000000
914 1.000000000
915 1.000000000
916 1.000000000
917 1.000000000
918 1.000000000
919 1.000000000
920 1.000000000
921 1.000000000
922 1.000000000
923 0.595744681
924 0.509090909
925 0.666666667
926 0.595744681
927 0.608695652
928 0.666666667
929 1.000000000
930 1.000000000
931 1.000000000
932 0.705882353
933 0.705882353
934 0.705882353
935 0.705882353
936 0.705882353
937 1.000000000
938 1.000000000
939 1.000000000
940 1.000000000
941 1.000000000
942 1.000000000
943 0.750000000
944 1.000000000
945 0.857142857
946 0.666666667
947 0.666666667
948 0.666666667
949 0.750000000
950 1.000000000
951 0.857142857
952 0.750000000
953 0.857142857
954 0.750000000
955 0.750000000
956 1.000000000
957 0.555555556
958 0.000000000
959 1.000000000
960 1.000000000
961 1.000000000
962 0.600000000
963 0.750000000
964 0.750000000
965 0.714285714
966 0.714285714
967 0.500000000
968 1.000000000
969 1.000000000
970 1.000000000
971 0.000000000
972 1.000000000
973 1.000000000
974 1.000000000
975 1.000000000
976 1.000000000
977 0.000000000
978 0.833333333
979 0.555555556
980 0.000000000
981 0.000000000
982 0.000000000
983 0.000000000
984 0.000000000
985 0.000000000
986 0.000000000
987 0.000000000
988 0.000000000
989 0.000000000
990 0.000000000
991 0.000000000
992 0.000000000
993 0.000000000
994 0.000000000
995 0.000000000
996 0.000000000
997 0.785714286
998 0.785714286
999 0.550000000
1000 0.578947368
1001 0.785714286
1002 0.478260870
1003 0.647058824
1004 0.647058824
1005 0.578947368
1006 0.647058824
1007 0.611111111
1008 0.800000000
1009 1.000000000
1010 1.000000000
1011 1.000000000
1012 0.800000000
1013 1.000000000
1014 1.000000000
1015 1.000000000
1016 1.000000000
1017 0.000000000
1018 0.000000000
1019 0.000000000
1020 0.000000000
1021 0.000000000
1022 0.375000000
1023 1.000000000
1024 1.000000000
1025 1.000000000
1026 1.000000000
1027 1.000000000
1028 1.000000000
1029 1.000000000
1030 1.000000000
1031 1.000000000
1032 1.000000000
1033 1.000000000
1034 1.000000000
1035 1.000000000
1036 1.000000000
1037 1.000000000
1038 1.000000000
1039 1.000000000
1040 1.000000000
1041 1.000000000
1042 1.000000000
1043 1.000000000
1044 1.000000000
1045 1.000000000
1046 1.000000000
1047 1.000000000
1048 1.000000000
1049 1.000000000
1050 1.000000000
1051 1.000000000
1052 1.000000000
1053 1.000000000
1054 1.000000000
1055 1.000000000
1056 1.000000000
1057 1.000000000
1058 1.000000000
1059 1.000000000
1060 1.000000000
1061 1.000000000
1062 1.000000000
1063 1.000000000
1064 1.000000000
1065 1.000000000
1066 1.000000000
1067 1.000000000
1068 1.000000000
1069 1.000000000
1070 1.000000000
1071 1.000000000
1072 1.000000000
1073 1.000000000
1074 1.000000000
1075 1.000000000
1076 1.000000000
1077 1.000000000
1078 1.000000000
1079 1.000000000
1080 1.000000000
1081 1.000000000
1082 1.000000000
1083 1.000000000
1084 1.000000000
1085 1.000000000
1086 1.000000000
1087 1.000000000
1088 1.000000000
1089 1.000000000
1090 1.000000000
1091 1.000000000
1092 1.000000000
1093 1.000000000
1094 1.000000000
1095 1.000000000
1096 1.000000000
1097 1.000000000
1098 1.000000000
1099 1.000000000
1100 1.000000000
1101 1.000000000
1102 1.000000000
1103 1.000000000
1104 1.000000000
1105 1.000000000
1106 1.000000000
1107 1.000000000
1108 1.000000000
1109 1.000000000
1110 1.000000000
1111 1.000000000
1112 0.588235294
1113 0.416666667
1114 0.714285714
1115 0.454545455
1116 0.454545455
1117 1.000000000
1118 1.000000000
1119 0.750000000
1120 0.857142857
1121 0.857142857
1122 0.800000000
1123 0.533333333
1124 0.533333333
1125 0.533333333
1126 0.533333333
1127 1.000000000
1128 1.000000000
1129 1.000000000
1130 1.000000000
1131 1.000000000
1132 1.000000000
1133 1.000000000
1134 1.000000000
1135 1.000000000
1136 1.000000000
1137 1.000000000
1138 1.000000000
1139 1.000000000
1140 0.894736842
1141 0.894736842
1142 0.894736842
1143 0.894736842
1144 0.894736842
1145 0.894736842
1146 0.894736842
1147 1.000000000
1148 0.894736842
1149 0.894736842
1150 0.894736842
1151 0.894736842
1152 0.894736842
1153 0.894736842
1154 0.894736842
1155 0.583333333
1156 0.736842105
1157 0.823529412
1158 0.583333333
1159 1.000000000
1160 1.000000000
1161 1.000000000
1162 1.000000000
1163 1.000000000
1164 1.000000000
1165 1.000000000
1166 1.000000000
1167 1.000000000
1168 1.000000000
1169 1.000000000
1170 0.777777778
1171 0.583333333
1172 0.583333333
1173 0.777777778
1174 0.583333333
1175 1.000000000
1176 0.666666667
1177 0.666666667
1178 0.666666667
1179 0.666666667
1180 0.408163265
1181 0.370370370
1182 0.512820513
1183 0.344827586
1184 0.444444444
1185 0.408163265
1186 0.273972603
1187 1.000000000
1188 1.000000000
1189 0.173501150
1190 0.173501150
1191 0.750000000
1192 0.857142857
1193 0.857142857
1194 0.204923274
1195 0.204759623
1196 0.170207116
1197 0.170207116
1198 0.204923274
1199 0.204923274
1200 0.204759623
1201 1.000000000
1202 0.800000000
1203 1.000000000
1204 0.800000000
1205 0.666666667
1206 0.750000000
1207 0.900000000
1208 1.000000000
1209 1.000000000
1210 1.000000000
1211 1.000000000
1212 1.000000000
1213 1.000000000
1214 1.000000000
1215 1.000000000
1216 0.215824916
1217 0.216298296
1218 0.216298296
1219 0.216298296
1220 0.216079555
1221 0.900000000
1222 0.600000000
1223 1.000000000
1224 0.600000000
1225 0.408163265
1226 0.444444444
1227 0.425531915
1228 0.408163265
1229 0.408163265
1230 0.408163265
1231 0.408163265
1232 0.408163265
1233 0.344827586
1234 0.344827586
1235 0.303030303
1236 0.322580645
1237 0.246913580
1238 1.000000000
1239 0.571428571
1240 0.571428571
1241 0.571428571
1242 0.571428571
1243 0.833333333
1244 1.000000000
1245 1.000000000
1246 1.000000000
1247 0.714285714
1248 0.833333333
1249 0.538461538
1250 0.777777778
1251 0.636363636
1252 0.777777778
1253 0.636363636
1254 0.636363636
1255 0.636363636
1256 0.636363636
1257 1.000000000
1258 0.666666667
1259 0.666666667
1260 0.800000000
1261 0.666666667
1262 0.615384615
1263 1.000000000
1264 0.615384615
1265 1.000000000
1266 1.000000000
1267 0.888888889
1268 1.000000000
1269 1.000000000
1270 1.000000000
1271 1.000000000
1272 1.000000000
1273 0.153569717
1274 0.153569717
1275 0.153569717
1276 0.153661752
1277 0.153569717
1278 0.153569717
1279 0.153680173
1280 0.153680173
1281 0.153680173
1282 0.153680173
1283 0.153680173
1284 0.153680173
1285 0.153680173
1286 0.153606518
1287 0.153606518
1288 0.153569717
1289 0.153569717
1290 0.153569717
1291 0.153680173
1292 0.153680173
1293 0.153569717
1294 0.153569717
1295 0.180385535
1296 0.153680173
1297 0.153569717
1298 0.153569717
1299 0.153569717
1300 0.153569717
1301 0.153569717
1302 0.153569717
1303 0.153606518
1304 0.153569717
1305 0.153569717
1306 0.700000000
1307 0.538461538
1308 0.500000000
1309 1.000000000
1310 0.666666667
1311 0.666666667
1312 0.615384615
1313 0.615384615
1314 0.800000000
1315 0.000000000
1316 1.000000000
1317 1.000000000
1318 1.000000000
1319 1.000000000
1320 1.000000000
1321 1.000000000
1322 1.000000000
1323 1.000000000
1324 1.000000000
1325 1.000000000
1326 1.000000000
1327 1.000000000
1328 1.000000000
1329 1.000000000
1330 1.000000000
1331 1.000000000
1332 1.000000000
1333 0.214023372
1334 0.214023372
1335 0.214023372
1336 0.214023372
1337 0.213916236
1338 0.213916236
1339 0.214023372
1340 1.000000000
1341 1.000000000
1342 1.000000000
1343 1.000000000
1344 1.000000000
1345 1.000000000
1346 1.000000000
1347 1.000000000
1348 1.000000000
1349 1.000000000
1350 1.000000000
1351 1.000000000
1352 1.000000000
1353 0.400000000
1354 0.571428571
1355 0.500000000
1356 0.636363636
1357 0.538461538
1358 0.437500000
1359 0.437500000
1360 0.368421053
1361 0.500000000
1362 1.000000000
1363 1.000000000
1364 0.000000000
1365 0.888888889
1366 0.545454545
1367 0.375000000
1368 0.500000000
1369 0.500000000
1370 1.000000000
1371 1.000000000
1372 1.000000000
1373 1.000000000
1374 0.571428571
1375 0.571428571
1376 0.571428571
1377 1.000000000
1378 1.000000000
1379 1.000000000
1380 1.000000000
1381 1.000000000
1382 1.000000000
1383 1.000000000
1384 0.153790787
1385 0.153790787
1386 0.153790787
1387 0.153790787
1388 0.153790787
1389 0.153790787
1390 0.153790787
1391 0.153790787
1392 0.153790787
1393 0.153790787
1394 0.153790787
1395 0.153790787
1396 0.153790787
1397 0.153790787
1398 0.153790787
1399 1.000000000
1400 0.857142857
1401 0.857142857
1402 0.857142857
1403 0.857142857
1404 1.000000000
1405 0.600000000
1406 1.000000000
1407 1.000000000
1408 1.000000000
1409 1.000000000
1410 1.000000000
1411 1.000000000
1412 1.000000000
1413 0.923076923
1414 1.000000000
1415 1.000000000
1416 1.000000000
1417 1.000000000
1418 0.923076923
1419 0.666666667
1420 1.000000000
1421 0.666666667
1422 1.000000000
1423 1.000000000
1424 1.000000000
1425 0.170229717
1426 0.170229717
1427 1.000000000
1428 1.000000000
1429 1.000000000
1430 1.000000000
1431 1.000000000
1432 1.000000000
1433 1.000000000
1434 1.000000000
1435 1.000000000
1436 1.000000000
1437 0.179929825
1438 0.179929825
1439 1.000000000
1440 0.666666667
1441 0.888888889
1442 0.666666667
1443 1.000000000
1444 0.166234440
1445 0.166234440
1446 0.166234440
1447 0.199253963
1448 0.166234440
1449 1.000000000
1450 1.000000000
1451 1.000000000
1452 0.800000000
1453 0.800000000
1454 0.800000000
1455 0.727272727
1456 0.179955081
1457 0.179929825
1458 1.000000000
1459 1.000000000
1460 1.000000000
1461 1.000000000
1462 1.000000000
1463 1.000000000
1464 1.000000000
1465 1.000000000
1466 1.000000000
1467 1.000000000
1468 1.000000000
1469 1.000000000
1470 1.000000000
1471 1.000000000
1472 1.000000000
1473 1.000000000
1474 1.000000000
1475 1.000000000
1476 1.000000000
1477 1.000000000
1478 1.000000000
1479 0.179929825
1480 0.179904575
1481 1.000000000
1482 0.666666667
1483 0.198206555
1484 0.170410740
1485 0.198206555
1486 0.198206555
1487 0.666666667
1488 0.666666667
1489 0.666666667
1490 0.434782609
1491 0.434782609
1492 1.000000000
1493 1.000000000
1494 1.000000000
1495 1.000000000
1496 1.000000000
1497 0.454545455
1498 0.454545455
1499 0.173501150
1500 0.173501150
1501 1.000000000
1502 1.000000000
1503 0.666666667
1504 0.666666667
1505 0.636363636
1506 1.000000000
1507 0.875000000
1508 0.170456056
1509 0.170410740
1510 0.170410740
1511 0.642857143
1512 0.818181818
1513 0.818181818
1514 0.642857143
1515 1.000000000
1516 1.000000000
1517 1.000000000
1518 1.000000000
1519 1.000000000
1520 1.000000000
1521 0.170365449
1522 0.170342812
1523 0.170342812
1524 1.000000000
1525 1.000000000
1526 0.642857143
1527 0.642857143
1528 0.666666667
1529 0.692307692
1530 0.692307692
1531 0.833333333
1532 1.000000000
1533 0.714285714
1534 0.636363636
1535 0.636363636
1536 0.636363636
1537 0.636363636
1538 0.875000000
1539 0.714285714
1540 0.714285714
1541 0.833333333
1542 1.000000000
1543 1.000000000
1544 1.000000000
1545 1.000000000
1546 1.000000000
1547 1.000000000
1548 1.000000000
1549 1.000000000
1550 0.666666667
1551 0.666666667
1552 0.818181818
1553 0.818181818
1554 1.000000000
1555 1.000000000
1556 1.000000000
1557 1.000000000
1558 1.000000000
1559 1.000000000
1560 0.800000000
1561 1.000000000
1562 0.800000000
1563 1.000000000
1564 1.000000000
1565 0.173524635
1566 0.173524635
1567 0.777777778
1568 1.000000000
1569 0.777777778
1570 1.000000000
1571 1.000000000
1572 1.000000000
1573 0.777777778
1574 0.777777778
1575 1.000000000
1576 1.000000000
1577 1.000000000
1578 1.000000000
1579 1.000000000
1580 1.000000000
1581 1.000000000
1582 1.000000000
1583 1.000000000
1584 1.000000000
1585 1.000000000
1586 1.000000000
1587 0.666666667
1588 0.666666667
1589 1.000000000
1590 1.000000000
1591 1.000000000
1592 1.000000000
1593 0.511627907
1594 0.511627907
1595 0.511627907
1596 1.000000000
1597 1.000000000
1598 1.000000000
1599 1.000000000
1600 0.000000000
1601 1.000000000
1602 1.000000000
1603 0.000000000
1604 0.174445503
1605 0.157823464
1606 0.174516744
1607 0.157823464
1608 1.000000000
1609 1.000000000
1610 0.666666667
1611 0.145665265
1612 0.145665265
1613 1.000000000
1614 1.000000000
1615 0.157804037
1616 0.193860578
1617 0.193860578
1618 1.000000000
1619 1.000000000
1620 1.000000000
1621 1.000000000
1622 0.170342812
1623 0.170342812
1624 1.000000000
1625 1.000000000
1626 1.000000000
1627 1.000000000
1628 1.000000000
1629 1.000000000
1630 1.000000000
1631 1.000000000
1632 1.000000000
1633 1.000000000
1634 1.000000000
1635 0.548387097
1636 0.548387097
1637 1.000000000
1638 1.000000000
1639 1.000000000
1640 1.000000000
1641 0.571428571
1642 1.000000000
1643 0.571428571
1644 1.000000000
1645 1.000000000
1646 1.000000000
1647 1.000000000
1648 0.750000000
1649 0.750000000
1650 0.750000000
1651 0.750000000
1652 1.000000000
1653 1.000000000
1654 1.000000000
1655 0.555555556
1656 0.625000000
1657 0.625000000
1658 0.555555556
1659 1.000000000
1660 1.000000000
1661 1.000000000
1662 1.000000000
1663 1.000000000
1664 1.000000000
1665 1.000000000
1666 1.000000000
1667 0.666666667
1668 0.541666667
1669 0.928571429
1670 0.433333333
1671 0.541666667
1672 0.500000000
1673 0.541666667
1674 0.500000000
1675 0.541666667
1676 0.500000000
1677 0.500000000
1678 0.500000000
1679 0.500000000
1680 0.500000000
1681 0.500000000
1682 1.000000000
1683 1.000000000
1684 1.000000000
1685 1.000000000
1686 1.000000000
1687 1.000000000
1688 1.000000000
1689 1.000000000
1690 1.000000000
1691 1.000000000
1692 1.000000000
1693 1.000000000
1694 1.000000000
1695 1.000000000
1696 1.000000000
1697 1.000000000
1698 1.000000000
1699 1.000000000
1700 1.000000000
1701 1.000000000
1702 1.000000000
1703 1.000000000
1704 1.000000000
1705 1.000000000
1706 1.000000000
1707 1.000000000
1708 1.000000000
1709 1.000000000
1710 1.000000000
1711 1.000000000
1712 1.000000000
1713 1.000000000
1714 1.000000000
1715 1.000000000
1716 1.000000000
1717 1.000000000
1718 1.000000000
1719 1.000000000
1720 1.000000000
1721 1.000000000
1722 1.000000000
1723 1.000000000
1724 1.000000000
1725 1.000000000
1726 1.000000000
1727 1.000000000
1728 1.000000000
1729 1.000000000
1730 1.000000000
1731 1.000000000
1732 1.000000000
1733 1.000000000
1734 1.000000000
1735 1.000000000
1736 1.000000000
1737 1.000000000
1738 1.000000000
1739 1.000000000
1740 1.000000000
1741 0.714285714
1742 0.833333333
1743 0.833333333
1744 0.714285714
1745 0.714285714
1746 0.134339306
1747 0.194066001
1748 0.194066001
1749 0.194066001
1750 0.194066001
1751 0.194066001
1752 0.194066001
1753 0.194036628
1754 0.194066001
1755 0.134184635
1756 0.133848403
1757 0.154346256
1758 0.154105061
1759 0.167954933
1760 0.167954933
1761 0.167954933
1762 0.167954933
1763 0.167954933
1764 0.167954933
1765 0.167954933
1766 0.154457831
1767 0.154457831
1768 0.134058350
1769 0.133876358
1770 0.133722750
1771 0.134184635
1772 1.000000000
1773 1.000000000
1774 1.000000000
1775 0.193889897
1776 0.193889897
1777 0.193889897
1778 0.134044333
1779 0.134016308
1780 0.194036628
1781 0.692307692
1782 0.750000000
1783 0.750000000
1784 1.000000000
1785 1.000000000
1786 1.000000000
1787 0.800000000
1788 0.800000000
1789 0.800000000
1790 0.800000000
1791 0.800000000
1792 0.800000000
1793 1.000000000
1794 1.000000000
1795 1.000000000
1796 1.000000000
1797 1.000000000
1798 0.118769687
1799 0.134030319
1800 0.118637794
1801 0.118670740
1802 0.118670740
1803 0.134002300
1804 0.134142513
1805 0.118571957
1806 0.118637794
1807 1.000000000
1808 0.692307692
1809 0.692307692
1810 0.642857143
1811 0.133876358
1812 1.000000000
1813 0.095936541
1814 0.106099479
1815 0.095936541
1816 0.000000000
1817 0.642857143
1818 0.000000000
1819 1.000000000
1820 0.750000000
1821 1.000000000
1822 0.750000000
1823 1.000000000
1824 1.000000000
1825 0.193860578
1826 0.193860578
1827 0.128071928
1828 0.113581997
1829 0.113571935
1830 0.113571935
1831 0.453608247
1832 0.453608247
1833 0.113571935
1834 0.113571935
1835 0.170342812
1836 0.170342812
1837 1.000000000
1838 1.000000000
1839 0.736842105
1840 0.636363636
1841 0.214776344
1842 0.235488611
1843 0.214776344
1844 0.214776344
1845 0.214776344
1846 0.235488611
1847 0.182543073
1848 0.182543073
1849 0.182543073
1850 0.182543073
1851 0.182517084
1852 0.182543073
1853 0.182543073
1854 0.182543073
1855 0.182543073
1856 0.182543073
1857 0.182543073
1858 0.182517084
1859 0.182517084
1860 0.163042096
1861 1.000000000
1862 1.000000000
1863 1.000000000
1864 1.000000000
1865 1.000000000
1866 1.000000000
1867 1.000000000
1868 0.666666667
1869 0.666666667
1870 0.750000000
1871 0.666666667
1872 0.666666667
1873 0.128007988
1874 0.128007988
1875 0.128007988
1876 0.128007988
1877 0.128007988
1878 0.777777778
1879 1.000000000
1880 0.933333333
1881 0.777777778
1882 0.777777778
1883 1.000000000
1884 0.777777778
1885 1.000000000
1886 1.000000000
1887 1.000000000
1888 0.933333333
1889 0.777777778
1890 0.777777778
1891 0.777777778
1892 0.777777778
1893 1.000000000
1894 1.000000000
1895 1.000000000
1896 1.000000000
1897 1.000000000
1898 1.000000000
1899 1.000000000
1900 1.000000000
1901 0.857142857
1902 1.000000000
1903 1.000000000
1904 1.000000000
1905 1.000000000
1906 1.000000000
1907 1.000000000
1908 1.000000000
1909 0.857142857
1910 0.736842105
1911 0.736842105
1912 0.736842105
1913 0.736842105
1914 0.736842105
1915 0.636363636
1916 0.857142857
1917 0.636363636
1918 0.636363636
1919 0.636363636
1920 0.636363636
1921 0.636363636
1922 0.636363636
1923 0.636363636
1924 0.133904324
1925 0.133904324
1926 1.000000000
1927 1.000000000
1928 0.215824916
1929 0.214309595
1930 0.214309595
1931 0.214309595
1932 0.214273776
1933 0.214309595
1934 0.134016308
1935 0.214273776
1936 0.196264544
1937 0.196354725
1938 0.196354725
1939 0.196324655
1940 0.196324655
1941 0.196324655
1942 1.000000000
1943 1.000000000
1944 1.000000000
1945 1.000000000
1946 1.000000000
1947 1.000000000
1948 1.000000000
1949 1.000000000
1950 0.666666667
1951 0.727272727
1952 1.000000000
1953 0.800000000
1954 1.000000000
1955 0.727272727
1956 0.800000000
1957 0.727272727
1958 0.727272727
1959 0.800000000
1960 1.000000000
1961 1.000000000
1962 0.800000000
1963 1.000000000
1964 1.000000000
1965 1.000000000
1966 1.000000000
1967 1.000000000
1968 1.000000000
1969 0.714285714
1970 0.714285714
1971 1.000000000
1972 1.000000000
1973 1.000000000
1974 0.750000000
1975 1.000000000
1976 1.000000000
1977 0.750000000
1978 1.000000000
1979 1.000000000
1980 1.000000000
1981 1.000000000
1982 1.000000000
1983 1.000000000
1984 0.135589635
1985 0.135603977
1986 0.135603977
1987 0.135603977
1988 0.135603977
1989 0.135603977
1990 0.156532357
1991 0.135603977
1992 0.135603977
1993 0.135603977
1994 0.135603977
1995 0.135603977
1996 0.135603977
1997 0.135603977
1998 0.135603977
1999 0.179250559
2000 0.179350867
2001 0.179350867
2002 0.909090909
2003 0.666666667
2004 0.666666667
2005 0.625000000
2006 0.666666667
2007 0.666666667
2008 1.000000000
2009 0.666666667
2010 0.000000000
2011 0.000000000
2012 0.727272727
2013 0.727272727
2014 0.615384615
2015 0.615384615
2016 0.155733722
2017 0.155752642
2018 0.155752642
2019 0.155752642
2020 0.155790497
2021 0.155790497
2022 0.155790497
2023 0.155790497
2024 0.155544771
2025 0.155544771
2026 0.198544216
2027 0.198544216
2028 0.198544216
2029 0.198544216
2030 0.198544216
2031 0.199130165
2032 0.198544216
2033 0.199130165
2034 0.199130165
2035 0.198544216
2036 0.199130165
2037 0.198698078
2038 0.198883028
2039 0.198698078
2040 0.198698078
2041 0.198883028
2042 0.198667287
2043 0.198698078
2044 0.198698078
2045 0.198698078
2046 0.198698078
2047 0.198698078
2048 0.198698078
2049 0.113461368
2050 0.113431251
2051 0.127803808
2052 0.113411182
2053 0.113431251
2054 0.113431251
2055 0.113411182
2056 0.113411182
2057 0.113411182
2058 0.113411182
2059 0.113461368
2060 0.127816550
2061 0.145764639
2062 0.127562189
2063 0.127701962
2064 0.144401892
2065 0.127574883
2066 0.113411182
2067 0.113421216
2068 0.127714684
2069 0.113431251
2070 0.113411182
2071 0.113411182
2072 0.468750000
2073 0.409090909
2074 0.409090909
2075 0.409090909
2076 0.409090909
2077 0.409090909
2078 0.109929686
2079 0.109929686
2080 0.109929686
2081 0.109929686
2082 0.109929686
2083 0.109929686
2084 0.109929686
2085 0.109910837
2086 0.109929686
2087 0.109929686
2088 0.109929686
2089 0.109910837
2090 0.122879325
2091 0.109929686
2092 0.109929686
2093 0.109929686
2094 0.109929686
2095 0.109929686
2096 0.109929686
2097 0.109929686
2098 0.109929686
2099 0.109929686
2100 0.109929686
2101 0.109929686
2102 0.109929686
2103 0.109929686
2104 0.109929686
2105 0.109929686
2106 0.109929686
2107 0.109910837
2108 0.109929686
2109 0.109929686
2110 0.109929686
2111 0.109929686
2112 0.109929686
2113 0.109929686
2114 0.109929686
2115 0.109929686
2116 0.109929686
2117 0.109929686
2118 0.109929686
2119 0.109929686
2120 0.109929686
2121 0.109929686
2122 0.109929686
2123 0.109929686
2124 0.109929686
2125 0.109929686
2126 0.109910837
2127 0.109929686
2128 0.109891994
2129 0.109891994
2130 0.109891994
2131 0.109891994
2132 0.162649074
2133 0.194154172
2134 0.162649074
2135 0.194154172
2136 0.162649074
2137 0.162649074
2138 0.194036628
2139 1.000000000
2140 1.000000000
2141 1.000000000
2142 0.714285714
2143 0.714285714
2144 0.714285714
2145 1.000000000
2146 0.625000000
2147 0.625000000
2148 0.134918964
2149 1.000000000
2150 1.000000000
2151 0.666666667
2152 0.666666667
2153 0.666666667
2154 0.145285585
2155 0.143964065
2156 0.143964065
2157 0.143964065
2158 0.143964065
2159 1.000000000
2160 0.144044944
2161 0.144012581
2162 0.143964065
2163 0.143964065
2164 1.000000000
2165 1.000000000
2166 1.000000000
2167 1.000000000
2168 1.000000000
2169 1.000000000
2170 1.000000000
2171 1.000000000
2172 1.000000000
2173 0.888888889
2174 0.888888889
2175 0.143964065
2176 0.143964065
2177 0.600000000
2178 1.000000000
2179 0.529411765
2180 0.545454545
2181 1.000000000
2182 0.529411765
2183 0.600000000
2184 0.600000000
2185 0.143964065
2186 0.143964065
2187 0.173336939
2188 0.173336939
2189 1.000000000
2190 1.000000000
2191 0.143964065
2192 0.143964065
2193 0.909090909
2194 0.909090909
2195 0.143964065
2196 0.143964065
2197 0.143964065
2198 0.143964065
2199 0.143964065
2200 0.143964065
2201 0.143964065
2202 0.143964065
2203 0.143964065
2204 0.143964065
2205 0.143964065
2206 0.143964065
2207 0.143964065
2208 0.642857143
2209 0.143964065
2210 0.143964065
2211 0.143964065
2212 0.143964065
2213 0.143964065
2214 0.143964065
2215 0.800000000
2216 0.800000000
2217 0.143964065
2218 0.143964065
2219 0.143964065
2220 0.143964065
2221 0.143964065
2222 0.143964065
2223 0.188501691
2224 0.188501691
2225 0.188501691
2226 0.188501691
2227 0.143964065
2228 0.143964065
2229 0.143964065
2230 0.143964065
2231 0.173501150
2232 0.173501150
2233 0.143964065
2234 0.143964065
2235 0.127245658
2236 0.127245658
2237 0.143964065
2238 0.143964065
2239 0.144255654
2240 0.143480694
2241 0.571428571
2242 0.666666667
2243 1.000000000
2244 1.000000000
2245 0.666666667
2246 0.666666667
2247 1.000000000
2248 1.000000000
2249 1.000000000
2250 1.000000000
2251 0.143480694
2252 0.143480694
2253 0.143480694
2254 0.666666667
2255 0.143480694
2256 0.143480694
2257 0.204890523
2258 0.170139350
2259 0.204890523
2260 0.177660754
2261 0.204890523
2262 1.000000000
2263 1.000000000
2264 1.000000000
2265 1.000000000
2266 0.750000000
2267 1.000000000
2268 1.000000000
2269 1.000000000
2270 1.000000000
2271 1.000000000
2272 1.000000000
2273 1.000000000
2274 0.143480694
2275 0.143480694
2276 0.143480694
2277 0.126218372
2278 0.126218372
2279 0.126218372
2280 0.126218372
2281 0.126218372
2282 0.126218372
2283 0.144288126
2284 0.126218372
2285 0.126218372
2286 0.126218372
2287 0.126218372
2288 0.143480694
2289 0.143480694
2290 0.143480694
2291 0.143480694
2292 0.143480694
2293 1.000000000
2294 1.000000000
2295 0.548387097
2296 0.143480694
2297 0.548387097
2298 0.143480694
2299 0.143480694
2300 0.548387097
2301 0.548387097
2302 0.143480694
2303 0.143480694
2304 0.143964065
2305 0.143480694
2306 0.143480694
2307 0.515151515
2308 0.143480694
2309 0.143480694
2310 0.515151515
2311 0.143480694
2312 0.143480694
2313 0.515151515
2314 0.515151515
2315 0.143480694
2316 0.143480694
2317 0.515151515
2318 0.515151515
2319 0.515151515
2320 0.143480694
2321 0.571428571
2322 0.571428571
2323 0.571428571
2324 0.571428571
2325 0.571428571
2326 0.143480694
2327 0.666666667
2328 0.666666667
2329 0.143480694
2330 0.143480694
2331 0.800000000
2332 0.800000000
2333 1.000000000
2334 0.800000000
2335 0.636363636
2336 0.636363636
2337 0.608695652
2338 0.636363636
2339 0.636363636
2340 0.636363636
2341 0.636363636
2342 0.636363636
2343 0.636363636
2344 0.965517241
2345 0.636363636
2346 0.636363636
2347 0.622222222
2348 0.622222222
2349 0.800000000
2350 1.000000000
2351 0.666666667
2352 0.666666667
2353 0.750000000
2354 1.000000000
2355 1.000000000
2356 1.000000000
2357 1.000000000
2358 0.194036628
2359 0.180436312
2360 0.180436312
2361 0.180436312
2362 0.180436312
2363 1.000000000
2364 1.000000000
2365 1.000000000
2366 0.545454545
2367 0.545454545
2368 0.545454545
2369 0.545454545
2370 1.000000000
2371 1.000000000
2372 1.000000000
2373 1.000000000
2374 1.000000000
2375 1.000000000
2376 1.000000000
2377 0.545454545
2378 0.545454545
2379 1.000000000
2380 0.666666667
2381 0.666666667
2382 0.143480694
2383 0.143480694
2384 0.143480694
2385 0.143480694
2386 0.143480694
2387 0.143480694
2388 0.143480694
2389 0.143480694
2390 0.143480694
2391 0.153790787
2392 0.153790787
2393 0.153790787
2394 1.000000000
2395 1.000000000
2396 1.000000000
2397 0.666666667
2398 0.444444444
2399 1.000000000
2400 1.000000000
2401 0.444444444
2402 1.000000000
2403 1.000000000
2404 1.000000000
2405 1.000000000
2406 1.000000000
2407 1.000000000
2408 1.000000000
2409 1.000000000
2410 1.000000000
2411 0.800000000
2412 0.000000000
2413 1.000000000
2414 1.000000000
2415 1.000000000
2416 1.000000000
2417 1.000000000
2418 1.000000000
2419 1.000000000
2420 1.000000000
2421 1.000000000
2422 1.000000000
2423 0.000000000
2424 0.800000000
2425 1.000000000
2426 1.000000000
2427 0.800000000
2428 1.000000000
2429 1.000000000
2430 1.000000000
2431 1.000000000
2432 1.000000000
2433 0.515151515
2434 0.800000000
2435 0.923076923
2436 0.631578947
2437 0.705882353
2438 0.545454545
2439 0.857142857
2440 0.631578947
2441 0.571428571
2442 0.631578947
2443 0.631578947
2444 0.705882353
2445 0.631578947
2446 0.168396164
2447 0.168795260
2448 0.168795260
2449 0.168351937
2450 0.168374048
2451 0.168396164
2452 0.168351937
2453 0.168374048
2454 0.168351937
2455 0.750000000
2456 1.000000000
2457 1.000000000
2458 1.000000000
2459 1.000000000
2460 0.666666667
2461 1.000000000
2462 0.666666667
2463 0.750000000
2464 0.750000000
2465 0.800000000
2466 0.750000000
2467 1.000000000
2468 1.000000000
2469 1.000000000
2470 1.000000000
2471 1.000000000
2472 0.928571429
2473 0.590909091
2474 0.928571429
2475 0.928571429
2476 0.928571429
2477 0.590909091
2478 0.590909091
2479 0.590909091
2480 0.590909091
2481 0.590909091
2482 0.590909091
2483 0.590909091
2484 0.590909091
2485 0.590909091
2486 1.000000000
2487 0.666666667
2488 0.666666667
2489 0.700000000
2490 0.700000000
2491 0.933333333
2492 0.823529412
2493 0.933333333
2494 0.823529412
2495 0.823529412
2496 0.193860578
2497 0.193860578
2498 1.000000000
2499 1.000000000
2500 1.000000000
2501 1.000000000
2502 1.000000000
2503 1.000000000
2504 0.733333333
2505 0.785714286
2506 0.733333333
2507 0.785714286
2508 0.785714286
2509 0.785714286
2510 0.823529412
2511 0.700000000
2512 0.700000000
2513 0.700000000
2514 0.700000000
2515 1.000000000
2516 1.000000000
2517 0.700000000
2518 0.700000000
2519 1.000000000
2520 1.000000000
2521 1.000000000
2522 0.642857143
2523 0.642857143
2524 1.000000000
2525 0.642857143
2526 0.541666667
2527 0.541666667
2528 0.515151515
2529 0.515151515
2530 0.000000000
2531 1.000000000
2532 1.000000000
2533 1.000000000
2534 1.000000000
2535 0.457142857
2536 0.444444444
2537 0.800000000
2538 0.666666667
2539 0.348837209
2540 0.518518519
2541 0.538461538
2542 0.666666667
2543 0.666666667
2544 0.800000000
2545 0.133402706
2546 0.153551324
2547 0.153551324
2548 0.875000000
2549 1.000000000
2550 1.000000000
2551 1.000000000
2552 0.625000000
2553 1.000000000
2554 0.625000000
2555 0.625000000
2556 0.625000000
2557 0.143496754
2558 0.143496754
2559 0.143480694
2560 0.153038080
2561 0.153019814
2562 0.143480694
2563 0.000000000
2564 0.143496754
2565 0.143496754
2566 0.571428571
2567 1.000000000
2568 1.000000000
2569 1.000000000
2570 0.143480694
2571 0.143480694
2572 0.173430736
2573 0.173383825
2574 0.666666667
2575 0.421052632
2576 0.571428571
2577 0.500000000
2578 0.153532934
2579 0.133388825
2580 0.133402706
2581 0.133402706
2582 0.133388825
2583 0.133388825
2584 0.172613437
2585 0.172613437
2586 0.172613437
2587 0.173383825
2588 0.173383825
2589 0.143480694
2590 1.000000000
2591 1.000000000
2592 0.165740142
2593 0.165740142
2594 0.161848251
2595 0.161848251
2596 1.000000000
2597 1.000000000
2598 1.000000000
2599 1.000000000
2600 1.000000000
2601 1.000000000
2602 1.000000000
2603 1.000000000
2604 1.000000000
2605 1.000000000
2606 1.000000000
2607 1.000000000
2608 0.538461538
2609 1.000000000
2610 1.000000000
2611 1.000000000
2612 1.000000000
2613 0.320754717
2614 0.600000000
2615 0.642857143
2616 0.600000000
2617 0.600000000
2618 0.600000000
2619 0.421052632
2620 0.615384615
2621 0.533333333
2622 0.162545962
2623 0.194036628
2624 0.193977909
2625 0.363636364
2626 0.400000000
2627 0.194095382
2628 0.194095382
2629 0.193977909
2630 0.193948563
2631 0.162525355
2632 1.000000000
2633 1.000000000
2634 0.182517084
2635 0.162649074
2636 1.000000000
2637 1.000000000
2638 0.165761572
2639 0.165761572
2640 0.165804449
2641 0.500000000
2642 0.340909091
2643 0.340909091
2644 0.750000000
2645 0.470588235
2646 0.432432432
2647 0.457142857
2648 1.000000000
2649 0.600000000
2650 1.000000000
2651 1.000000000
2652 1.000000000
2653 0.600000000
2654 0.600000000
2655 0.600000000
2656 1.000000000
2657 1.000000000
2658 0.750000000
2659 0.750000000
2660 1.000000000
2661 0.600000000
2662 1.000000000
2663 1.000000000
2664 1.000000000
2665 1.000000000
2666 1.000000000
2667 1.000000000
2668 1.000000000
2669 1.000000000
2670 1.000000000
2671 1.000000000
2672 1.000000000
2673 1.000000000
2674 1.000000000
2675 1.000000000
2676 0.750000000
2677 1.000000000
2678 0.750000000
2679 0.800000000
2680 1.000000000
2681 0.800000000
2682 0.346938776
2683 0.515151515
2684 0.800000000
2685 0.800000000
2686 0.500000000
2687 0.193860578
2688 0.193860578
2689 0.538461538
2690 0.518518519
2691 0.358974359
2692 1.000000000
2693 1.000000000
2694 1.000000000
2695 1.000000000
2696 1.000000000
2697 1.000000000
2698 0.666666667
2699 0.583333333
2700 0.518518519
2701 0.518518519
2702 0.518518519
2703 0.378378378
2704 1.000000000
2705 1.000000000
2706 1.000000000
2707 0.500000000
2708 1.000000000
2709 1.000000000
2710 0.178179291
2711 0.151268437
2712 0.151268437
2713 1.000000000
2714 1.000000000
2715 0.173430736
2716 0.173548125
2717 0.173595125
2718 0.666666667
2719 0.173383825
2720 0.173383825
2721 1.000000000
2722 0.666666667
2723 0.576923077
2724 0.600000000
2725 0.600000000
2726 0.625000000
2727 0.652173913
2728 0.600000000
2729 0.531250000
2730 1.000000000
2731 1.000000000
2732 0.531250000
2733 0.531250000
2734 0.531250000
2735 0.531250000
2736 0.531250000
2737 0.531250000
2738 0.531250000
2739 0.531250000
2740 0.531250000
2741 0.531250000
2742 0.531250000
2743 0.531250000
2744 0.531250000
2745 0.531250000
2746 0.531250000
2747 0.739130435
2748 0.447368421
2749 0.485714286
2750 0.447368421
2751 0.447368421
2752 1.000000000
2753 1.000000000
2754 1.000000000
2755 0.435897436
2756 0.459459459
2757 0.680000000
2758 0.435897436
2759 0.562500000
2760 0.562500000
2761 0.500000000
2762 0.566666667
2763 0.414634146
2764 0.484848485
2765 0.666666667
2766 0.432432432
2767 0.421052632
2768 0.307692308
2769 0.307692308
2770 0.435897436
2771 0.425000000
2772 0.425000000
2773 0.447368421
2774 0.625000000
2775 0.625000000
2776 0.600000000
2777 0.600000000
2778 0.432432432
2779 0.435897436
2780 0.435897436
2781 0.517241379
2782 0.472222222
2783 0.404761905
2784 0.586206897
2785 0.404761905
2786 0.586206897
2787 0.414634146
2788 0.425000000
2789 0.425000000
2790 0.857142857
2791 0.666666667
2792 0.666666667
2793 0.435897436
2794 0.470588235
2795 0.447368421
2796 0.432432432
2797 0.432432432
2798 1.000000000
2799 1.000000000
2800 0.750000000
2801 0.750000000
2802 0.545454545
2803 0.545454545
2804 0.320000000
2805 0.666666667
2806 1.000000000
2807 0.800000000
2808 0.800000000
2809 0.800000000
2810 0.800000000
2811 0.583333333
2812 0.560000000
2813 0.560000000
2814 1.000000000
2815 1.000000000
2816 1.000000000
2817 0.800000000
2818 0.800000000
2819 1.000000000
2820 1.000000000
2821 1.000000000
2822 1.000000000
2823 1.000000000
2824 0.833333333
2825 1.000000000
2826 0.714285714
2827 0.714285714
2828 0.625000000
2829 0.170410740
2830 0.642857143
2831 0.178501810
2832 0.178501810
2833 0.178501810
2834 0.178501810
2835 0.178501810
2836 0.178501810
2837 0.178501810
2838 0.178501810
2839 0.178501810
2840 0.173383825
2841 0.173383825
2842 0.750000000
2843 0.750000000
2844 0.750000000
2845 0.608695652
2846 0.608695652
2847 0.608695652
2848 0.608695652
2849 0.608695652
2850 0.666666667
2851 0.666666667
2852 0.595744681
2853 0.595744681
2854 0.178105029
2855 0.178129776
2856 0.183931133
2857 0.216444369
2858 0.183931133
2859 1.000000000
2860 1.000000000
2861 1.000000000
2862 1.000000000
2863 0.144727930
2864 0.144727930
2865 0.144727930
2866 0.144727930
2867 0.144727930
2868 0.144727930
2869 0.144727930
2870 0.144727930
2871 0.144727930
2872 0.144727930
2873 0.144727930
2874 0.144727930
2875 0.144727930
2876 0.144727930
2877 1.000000000
2878 0.800000000
2879 0.800000000
2880 1.000000000
2881 1.000000000
2882 1.000000000
2883 0.800000000
2884 0.800000000
2885 0.714285714
2886 0.208218288
2887 0.208218288
2888 0.208218288
2889 0.176244157
2890 0.208218288
2891 0.208218288
2892 0.208218288
2893 0.208218288
2894 0.213666667
2895 0.178501810
2896 0.178501810
2897 0.178501810
2898 0.178501810
2899 0.178501810
2900 0.178501810
2901 0.178501810
2902 0.178501810
2903 0.178501810
2904 0.208184475
2905 0.208184475
2906 0.208184475
2907 0.172404519
2908 0.172404519
2909 0.208252112
2910 0.213559887
2911 0.208252112
2912 0.176632681
2913 0.213666667
2914 0.213666667
2915 0.213666667
2916 0.208252112
2917 0.204956035
2918 0.183904748
2919 0.208184475
2920 0.208184475
2921 0.208184475
2922 0.208184475
2923 0.208184475
2924 0.208184475
2925 0.213809206
2926 0.199844115
2927 0.199844115
2928 0.213880547
2929 0.199844115
2930 0.199844115
2931 0.199844115
2932 0.213880547
2933 0.209751309
2934 0.209751309
2935 0.209751309
2936 0.209716997
2937 0.209716997
2938 0.201287486
2939 0.209511358
2940 0.213880547
2941 0.200908948
2942 0.200720213
2943 0.204857782
2944 0.201034969
2945 0.205152824
2946 0.200845997
2947 0.204857782
2948 0.204857782
2949 0.170478723
2950 0.145681818
2951 0.145681818
2952 0.201034969
2953 0.200814536
2954 0.204759623
2955 0.204759623
2956 0.714285714
2957 0.714285714
2958 0.200908948
2959 0.200908948
2960 0.204694236
2961 0.204694236
2962 0.204596234
2963 0.416666667
2964 0.416666667
2965 1.000000000
2966 1.000000000
2967 1.000000000
2968 1.000000000
2969 1.000000000
2970 1.000000000
2971 1.000000000
2972 1.000000000
2973 0.705882353
2974 0.705882353
2975 0.705882353
2976 0.705882353
2977 0.705882353
2978 1.000000000
2979 1.000000000
2980 1.000000000
2981 1.000000000
2982 1.000000000
2983 1.000000000
2984 1.000000000
2985 1.000000000
2986 0.714285714
2987 0.177636137
2988 0.177636137
2989 0.177636137
2990 0.177636137
2991 0.177636137
2992 0.177636137
2993 0.177636137
2994 0.177636137
2995 0.714285714
2996 0.180081472
2997 0.180030895
2998 0.714285714
2999 0.180081472
3000 0.180081472
3001 0.180081472
3002 0.180081472
3003 0.714285714
3004 0.180056180
3005 0.177390342
3006 0.177390342
3007 0.666666667
3008 0.666666667
3009 0.666666667
3010 1.000000000
3011 1.000000000
3012 1.000000000
3013 1.000000000
3014 1.000000000
3015 1.000000000
3016 1.000000000
3017 1.000000000
3018 1.000000000
3019 0.714285714
3020 0.000000000
3021 0.636363636
3022 0.538461538
3023 0.538461538
3024 0.538461538
3025 0.000000000
3026 0.000000000
3027 1.000000000
3028 1.000000000
3029 0.000000000
3030 0.000000000
3031 0.000000000
3032 1.000000000
3033 1.000000000
3034 0.000000000
3035 0.533333333
3036 0.571428571
3037 0.571428571
3038 0.615384615
3039 0.363636364
3040 0.363636364
3041 0.400000000
3042 0.800000000
3043 0.666666667
3044 0.500000000
3045 0.666666667
3046 0.571428571
3047 0.400000000
3048 0.400000000
3049 0.000000000
3050 0.173383825
3051 0.173383825
3052 0.173383825
3053 0.173383825
3054 1.000000000
3055 1.000000000
3056 0.173383825
3057 0.173383825
3058 0.186662784
3059 0.186662784
3060 0.186662784
3061 0.400000000
3062 1.000000000
3063 1.000000000
3064 1.000000000
3065 0.000000000
3066 0.000000000
3067 1.000000000
3068 0.666666667
3069 0.153569717
3070 0.153624925
3071 1.000000000
3072 1.000000000
3073 1.000000000
3074 1.000000000
3075 1.000000000
3076 0.666666667
3077 0.571428571
3078 1.000000000
3079 0.600000000
3080 1.000000000
3081 0.800000000
3082 1.000000000
3083 0.571428571
3084 1.000000000
3085 1.000000000
3086 1.000000000
3087 1.000000000
3088 0.600000000
3089 1.000000000
3090 0.600000000
3091 0.615384615
3092 0.172265520
3093 0.155658086
3094 0.155658086
3095 0.155582524
3096 0.155639189
3097 0.155601408
3098 0.155639189
3099 1.000000000
3100 0.600000000
3101 0.155582524
3102 0.155601408
3103 1.000000000
3104 1.000000000
3105 0.155563645
3106 0.155563645
3107 0.857142857
3108 0.857142857
3109 0.857142857
3110 0.857142857
3111 0.857142857
3112 0.857142857
3113 0.857142857
3114 0.857142857
3115 0.857142857
3116 0.857142857
3117 0.857142857
3118 0.857142857
3119 0.857142857
3120 0.857142857
3121 0.857142857
3122 0.143689756
3123 0.143689756
3124 0.143689756
3125 0.143512818
3126 0.172636682
3127 0.172636682
3128 0.172636682
3129 0.143512818
3130 0.143512818
3131 0.143512818
3132 0.143512818
3133 0.143512818
3134 0.143512818
3135 0.143512818
3136 0.143512818
3137 0.143512818
3138 0.143512818
3139 0.375000000
3140 1.000000000
3141 1.000000000
3142 0.143964065
3143 0.193977909
3144 0.143512818
3145 0.146080219
3146 0.146080219
3147 0.146080219
3148 0.146080219
3149 0.146080219
3150 0.145731499
3151 0.145731499
3152 0.127220403
3153 0.170501396
3154 1.000000000
3155 1.000000000
3156 0.113421216
3157 0.113411182
3158 0.113411182
3159 0.113411182
3160 0.113411182
3161 0.155582524
3162 0.143964065
3163 0.625000000
3164 0.588235294
3165 0.434782609
3166 0.588235294
3167 0.165783008
3168 0.165783008
3169 0.165783008
3170 0.165783008
3171 0.143964065
3172 1.000000000
3173 1.000000000
3174 1.000000000
3175 0.571428571
3176 0.666666667
3177 0.857142857
3178 1.000000000
3179 0.857142857
3180 0.750000000
3181 0.600000000
3182 0.857142857
3183 1.000000000
3184 1.000000000
3185 1.000000000
3186 0.536585366
3187 0.536585366
3188 0.536585366
3189 0.536585366
3190 0.536585366
3191 0.536585366
3192 0.536585366
3193 0.536585366
3194 0.800000000
3195 0.800000000
3196 0.800000000
3197 0.143964065
3198 0.155733722
3199 1.000000000
3200 1.000000000
3201 1.000000000
3202 1.000000000
3203 1.000000000
3204 1.000000000
3205 1.000000000
3206 1.000000000
3207 0.777777778
3208 0.777777778
3209 0.777777778
3210 0.777777778
3211 0.777777778
3212 1.000000000
3213 0.666666667
3214 0.194301303
3215 0.194301303
3216 0.194301303
3217 0.194301303
3218 0.194301303
3219 0.194301303
3220 0.198544216
3221 0.198667287
3222 1.000000000
3223 1.000000000
3224 0.173524635
3225 0.173524635
3226 0.173524635
3227 0.173524635
3228 0.173524635
3229 0.173524635
3230 0.173524635
3231 0.188473978
3232 0.188446274
3233 0.188446274
3234 0.211098304
3235 0.189280969
3236 0.833333333
3237 0.143512818
3238 0.143512818
3239 0.143512818
3240 0.143512818
3241 0.143512818
3242 0.153551324
3243 0.678571429
3244 0.826086957
3245 1.000000000
3246 0.826086957
3247 1.000000000
3248 1.000000000
3249 0.826086957
3250 0.826086957
3251 0.826086957
3252 0.826086957
3253 0.678571429
3254 1.000000000
3255 1.000000000
3256 0.800000000
3257 0.800000000
3258 0.625000000
3259 0.625000000
3260 0.143964065
3261 1.000000000
3262 0.666666667
3263 0.678571429
3264 0.703703704
3265 1.000000000
3266 1.000000000
3267 1.000000000
3268 1.000000000
3269 1.000000000
3270 1.000000000
3271 0.612903226
3272 0.791666667
3273 0.612903226
3274 0.612903226
3275 0.612903226
3276 0.678571429
3277 0.678571429
3278 1.000000000
3279 1.000000000
3280 1.000000000
3281 1.000000000
3282 1.000000000
3283 1.000000000
3284 1.000000000
3285 0.109124957
3286 0.122374952
3287 0.109124957
3288 0.109124957
3289 0.109124957
3290 0.109124957
3291 0.109124957
3292 0.109124957
3293 0.109124957
3294 0.109124957
3295 0.109124957
3296 0.857142857
3297 0.122258249
3298 0.179401064
3299 1.000000000
3300 1.000000000
3301 1.000000000
3302 0.118396749
3303 0.541666667
3304 0.764705882
3305 0.135589635
3306 0.143964065
3307 1.000000000
3308 1.000000000
3309 0.900000000
3310 1.000000000
3311 1.000000000
3312 0.900000000
3313 0.900000000
3314 0.143964065
3315 1.000000000
3316 1.000000000
3317 1.000000000
3318 1.000000000
3319 0.600000000
3320 0.152746336
3321 0.176900787
3322 1.000000000
3323 1.000000000
3324 1.000000000
3325 0.183799283
3326 0.183799283
3327 0.183799283
3328 0.183799283
3329 0.183799283
3330 0.183799283
3331 0.183799283
3332 0.183799283
3333 0.183799283
3334 0.183799283
3335 0.183799283
3336 0.183799283
3337 0.183799283
3338 0.183799283
3339 0.183799283
3340 0.183799283
3341 0.183799283
3342 0.183799283
3343 0.183799283
3344 0.183799283
3345 0.183799283
3346 0.183799283
3347 0.183799283
3348 0.183799283
3349 0.143964065
3350 0.153056351
3351 0.153056351
3352 0.375000000
3353 0.143964065
3354 0.375000000
3355 0.288461538
3356 0.394736842
3357 0.170751199
3358 0.454545455
3359 0.288461538
3360 1.000000000
3361 1.000000000
3362 0.288461538
3363 1.000000000
3364 1.000000000
3365 1.000000000
3366 1.000000000
3367 1.000000000
3368 1.000000000
3369 1.000000000
3370 1.000000000
3371 1.000000000
3372 1.000000000
3373 1.000000000
3374 1.000000000
3375 1.000000000
3376 1.000000000
3377 0.170751199
3378 1.000000000
3379 1.000000000
3380 0.143964065
3381 0.199750701
3382 0.199750701
3383 1.000000000
3384 1.000000000
3385 1.000000000
3386 1.000000000
3387 1.000000000
3388 0.357142857
3389 0.375000000
3390 0.375000000
3391 0.134876381
3392 0.143964065
3393 0.143964065
3394 0.583333333
3395 0.583333333
3396 1.000000000
3397 1.000000000
3398 1.000000000
3399 1.000000000
3400 1.000000000
3401 0.900000000
3402 0.900000000
3403 0.900000000
3404 1.000000000
3405 1.000000000
3406 0.666666667
3407 1.000000000
3408 1.000000000
3409 1.000000000
3410 1.000000000
3411 1.000000000
3412 0.127536809
3413 1.000000000
3414 0.666666667
3415 0.165761572
3416 0.165761572
3417 1.000000000
3418 1.000000000
3419 0.666666667
3420 1.000000000
3421 1.000000000
3422 1.000000000
3423 1.000000000
3424 1.000000000
3425 1.000000000
3426 1.000000000
3427 1.000000000
3428 1.000000000
3429 1.000000000
3430 1.000000000
3431 1.000000000
3432 0.170433395
3433 0.170433395
3434 1.000000000
3435 1.000000000
3436 1.000000000
3437 1.000000000
3438 0.143964065
3439 1.000000000
3440 1.000000000
3441 1.000000000
3442 1.000000000
3443 0.152148113
3444 0.152166172
3445 0.152148113
3446 0.666666667
3447 1.000000000
3448 0.666666667
3449 0.666666667
3450 0.143964065
3451 1.000000000
3452 1.000000000
3453 1.000000000
3454 1.000000000
3455 1.000000000
3456 1.000000000
3457 0.555555556
3458 1.000000000
3459 0.194095382
3460 0.194124773
3461 0.194124773
3462 0.194124773
3463 1.000000000
3464 1.000000000
3465 0.194007264
3466 0.194007264
3467 0.194007264
3468 0.194007264
3469 0.162628441
3470 0.162628441
3471 0.139910510
3472 0.176462491
3473 0.176462491
3474 0.176462491
3475 0.833333333
3476 0.833333333
3477 0.833333333
3478 0.833333333
3479 0.714285714
3480 1.000000000
3481 1.000000000
3482 1.000000000
3483 0.714285714
3484 0.714285714
3485 1.000000000
3486 1.000000000
3487 1.000000000
3488 0.153019814
3489 0.168728613
3490 0.168728613
3491 0.168728613
3492 1.000000000
3493 0.555555556
3494 0.555555556
3495 0.583333333
3496 0.583333333
3497 0.588235294
3498 0.555555556
3499 0.143964065
3500 0.555555556
3501 0.666666667
3502 0.625000000
3503 0.666666667
3504 0.666666667
3505 0.625000000
3506 0.143512818
3507 0.143512818
3508 0.143528885
3509 0.143528885
3510 0.143512818
3511 0.143964065
3512 0.143512818
3513 0.143512818
3514 0.143512818
3515 0.143512818
3516 0.143512818
3517 0.143512818
3518 0.143512818
3519 1.000000000
3520 1.000000000
3521 1.000000000
3522 0.173524635
3523 0.173501150
3524 0.173501150
3525 0.143512818
3526 0.143512818
3527 1.000000000
3528 1.000000000
3529 1.000000000
3530 1.000000000
3531 0.173336939
3532 0.173336939
3533 0.666666667
3534 1.000000000
3535 1.000000000
3536 1.000000000
3537 0.175040961
3538 0.173407277
3539 0.173383825
3540 0.173407277
3541 0.173383825
3542 0.125933202
3543 0.125933202
3544 0.173360379
3545 1.000000000
3546 1.000000000
3547 0.800000000
3548 1.000000000
3549 1.000000000
3550 1.000000000
3551 0.800000000
3552 0.541666667
3553 0.541666667
3554 0.541666667
3555 0.153551324
3556 0.565217391
3557 0.565217391
3558 1.000000000
3559 1.000000000
3560 1.000000000
3561 1.000000000
3562 0.541666667
3563 0.161868687
3564 0.161868687
3565 0.800000000
3566 0.625000000
3567 0.541666667
3568 0.143964065
3569 0.580645161
3570 0.580645161
3571 0.580645161
3572 0.580645161
3573 0.580645161
3574 0.580645161
3575 0.580645161
3576 0.580645161
3577 0.461538462
3578 0.461538462
3579 0.461538462
3580 0.625000000
3581 0.625000000
3582 1.000000000
3583 1.000000000
3584 0.193860578
3585 0.193860578
3586 1.000000000
3587 1.000000000
3588 0.153569717
3589 0.153606518
3590 0.153569717
3591 0.153569717
3592 1.000000000
3593 1.000000000
3594 1.000000000
3595 1.000000000
3596 1.000000000
3597 1.000000000
3598 1.000000000
3599 1.000000000
3600 1.000000000
3601 1.000000000
3602 1.000000000
3603 0.600000000
3604 1.000000000
3605 0.000000000
3606 0.148225228
3607 0.129129734
3608 0.114372379
3609 1.000000000
3610 1.000000000
3611 0.153551324
3612 0.153551324
3613 0.000000000
3614 0.600000000
3615 0.600000000
3616 0.000000000
3617 0.000000000
3618 0.750000000
3619 1.000000000
3620 0.600000000
3621 0.600000000
3622 0.600000000
3623 0.000000000
3624 0.000000000
3625 0.000000000
3626 0.611111111
3627 0.000000000
3628 0.600000000
3629 0.600000000
3630 0.750000000
3631 1.000000000
3632 0.666666667
3633 0.800000000
3634 0.800000000
3635 0.666666667
3636 0.666666667
3637 1.000000000
3638 1.000000000
3639 1.000000000
3640 1.000000000
3641 1.000000000
3642 1.000000000
3643 1.000000000
3644 1.000000000
3645 1.000000000
3646 1.000000000
3647 1.000000000
3648 1.000000000
3649 1.000000000
3650 1.000000000
3651 1.000000000
3652 1.000000000
3653 1.000000000
3654 1.000000000
3655 1.000000000
3656 1.000000000
3657 1.000000000
3658 1.000000000
3659 1.000000000
3660 1.000000000
3661 1.000000000
3662 1.000000000
3663 0.666666667
3664 1.000000000
3665 0.666666667
3666 0.833333333
3667 0.833333333
3668 1.000000000
3669 1.000000000
3670 1.000000000
3671 1.000000000
3672 0.714285714
3673 1.000000000
3674 1.000000000
3675 1.000000000
3676 1.000000000
3677 1.000000000
3678 1.000000000
3679 1.000000000
3680 1.000000000
3681 1.000000000
3682 1.000000000
3683 1.000000000
3684 1.000000000
3685 1.000000000
3686 1.000000000
3687 0.666666667
3688 1.000000000
3689 0.666666667
3690 0.143964065
3691 0.143964065
3692 0.143964065
