517844 1.927987700

0 7.000000000
1 4.000000000
2 0.000000000
3 1.365384615
4 9860.941598957
5 9.934432234
6 72.000000000
7 0.000000000
8 77.000000000
10 69637.182033762
11 347344.834917945
12 79875.888304249
13 640.000000000
14 640.000000000
16 0.000000000
17 0.000000000
18 0.000000000
19 3.000000000
21 195.508471713
22 99.877032227
23 1281.000000000
24 0.250000000
25 0.000000000
26 0.250000000
27 0.250000000
28 0.000000000
29 0.000000000
30 1.000000000
31 0.000000000
32 0.000000000
33 0.000000000
34 0.000000000
35 5.000000000
36 38.000000000
37 84.500000000
40 0.000000000
41 0.000000000
42 0.800000000
43 0.800000000
44 1.000000000
45 13.400000000
46 0.000000000
47 0.000000000
48 0.000000000
49 16286.334956710
50 20.000000000
51 0.800000000
52 0.400000000
53 0.000000000
54 0.000000000
55 0.000000000
56 0.000000000
57 0.000000000
58 0.000000000
59 0.000000000
60 0.000000000
61 0.000000000
63 10.500000000
64 10.500000000
65 0.000000000
66 0.000000000
67 0.000000000
68 0.000000000
69 1920.500000000
70 0.000000000
71 3.000000000
72 0.000000000
73 0.000000000
74 0.000000000
75 0.000000000
76 123.000000000
77 2.000000000
78 2.000000000
79 0.000000000
80 0.000000000
81 0.000000000
82 0.000000000
83 6385.000000000
84 0.000000000
85 0.000000000
86 0.000000000
87 0.000000000
88 2561.500000000
89 0.000000000
90 8932.611111111
91 7.500000000
92 0.500000000
93 12.666666667
94 0.400000000
95 0.000000000
96 0.733333333
97 1.733333333
98 0.000000000
99 3.000000000
100 0.000000000
101 0.000000000
102 1.500000000
103 0.000000000
104 1.500000000
105 3.166666667
106 0.900000000
107 0.000000000
108 3.000000000
109 0.000000000
110 0.000000000
111 1.000000000
112 0.000000000
113 0.333333333
114 0.333333333
115 0.000000000
116 0.333333333
117 0.000000000
118 0.000000000
119 0.000000000
120 0.000000000
122 0.000000000
123 6.000000000
124 0.000000000
125 0.000000000
126 0.000000000
127 5.000000000
128 0.000000000
129 0.000000000
130 0.000000000
131 0.000000000
132 10.500000000
133 0.000000000
134 0.000000000
135 5452.293478261
136 0.043478261
137 0.000000000
138 0.000000000
139 0.000000000
140 0.000000000
141 0.000000000
142 0.000000000
143 0.000000000
144 0.000000000
145 0.000000000
146 0.000000000
147 0.000000000
148 0.000000000
149 0.000000000
150 0.000000000
151 0.000000000
152 0.000000000
153 0.000000000
154 0.000000000
155 0.000000000
156 0.000000000
157 0.000000000
158 0.000000000
159 0.000000000
160 4.333333333
161 0.000000000
162 0.000000000
163 0.000000000
164 3.000000000
165 0.250000000
166 3.000000000
167 0.250000000
168 0.250000000
169 0.250000000
170 0.000000000
171 0.000000000
172 0.000000000
173 0.000000000
174 0.000000000
175 0.000000000
176 1.000000000
177 100947.298829455
178 4082.453138528
179 0.333333333
180 0.000000000
181 0.000000000
182 0.000000000
183 0.000000000
184 0.000000000
185 25845.585759826
186 11514.142469970
187 11948.165684256
188 0.000000000
189 0.000000000
190 5.000000000
193 2560.000000000
194 5112.000000000
195 0.000000000
196 0.000000000
197 0.000000000
198 3.000000000
199 3.000000000
200 0.000000000
201 3.000000000
202 3.000000000
203 0.000000000
204 0.000000000
206 79522.545357304
207 0.000000000
208 0.000000000
210 0.800000000
212 3626.658738759
213 3662.890667288
215 0.000000000
216 0.000000000
219 0.000000000
221 0.000000000
222 0.000000000
223 0.000000000
224 0.000000000
225 0.000000000
226 1.000000000
227 3.000000000
228 0.090909091
229 0.090909091
230 0.090909091
231 0.090909091
232 0.090909091
233 0.090909091
234 0.090909091
235 0.090909091
236 0.090909091
237 0.000000000
238 0.090909091
239 211749.460144928
240 5452.250000000
241 0.000000000
242 0.000000000
243 432.114854312
244 1039.477581770
245 0.000000000
246 6.500000000
247 0.000000000
248 3837.500000000
249 0.000000000
250 0.500000000
251 1.000000000
252 7656.000000000
253 1.000000000
254 0.000000000
255 0.000000000
256 0.000000000
257 0.000000000
258 0.000000000
259 0.000000000
260 49.666666667
261 54472.125000000
262 53277.696468254
263 0.000000000
264 0.000000000
265 0.000000000
266 1.500000000
267 0.000000000
268 1.500000000
269 0.000000000
270 4.000000000
271 0.000000000
272 0.000000000
273 18.000000000
274 0.000000000
275 0.666666667
276 0.000000000
277 0.500000000
278 0.000000000
279 0.000000000
280 15.000000000
281 0.000000000
282 145.884826840
283 5.500000000
284 0.000000000
285 0.000000000
286 0.916666667
287 0.250000000
288 67.333333333
289 0.916666667
290 0.000000000
291 1.500000000
292 1.500000000
293 0.000000000
295 0.000000000
296 0.000000000
297 0.000000000
298 0.000000000
299 10207.166666667
300 0.000000000
301 0.000000000
302 0.000000000
303 43843.732170330
304 0.000000000
305 0.000000000
306 0.000000000
307 0.000000000
308 0.000000000
309 0.000000000
310 0.000000000
311 0.000000000
312 0.000000000
313 0.000000000
314 0.000000000
315 3837.000000000
316 0.000000000
317 0.000000000
318 106643.412598742
319 77099.765396041
320 0.000000000
321 0.000000000
322 0.000000000
323 0.000000000
324 36492.182612782
325 0.000000000
326 0.000000000
327 47205.957048829
328 0.000000000
329 0.000000000
330 0.000000000
331 0.000000000
332 13981.000000000
333 0.000000000
334 0.000000000
335 0.000000000
336 0.000000000
337 0.000000000
338 0.000000000
339 0.000000000
340 0.000000000
341 0.000000000
342 0.000000000
343 0.000000000
344 0.000000000
345 0.000000000
346 0.000000000
347 0.000000000
348 0.000000000
349 0.000000000
350 0.000000000
351 0.000000000
352 0.000000000
353 0.000000000
354 0.000000000
355 0.000000000
356 0.000000000
357 0.000000000
358 0.000000000
359 0.000000000
360 0.000000000
361 0.000000000
362 0.000000000
363 0.000000000
364 0.000000000
365 0.000000000
366 0.000000000
367 0.000000000
368 0.000000000
369 0.000000000
370 0.000000000
371 0.000000000
372 0.000000000
373 0.000000000
374 0.000000000
375 0.000000000
376 0.000000000
377 0.000000000
378 0.000000000
379 0.000000000
380 0.000000000
381 0.000000000
382 0.000000000
383 0.000000000
384 0.000000000
385 0.000000000
386 0.000000000
387 0.000000000
388 3.000000000
389 3.000000000
390 1281.037037037
391 0.000000000
392 5452.250000000
393 1.500000000
394 3.000000000
395 0.000000000
396 0.000000000
397 0.000000000
398 0.000000000
399 6.000000000
400 0.000000000
401 0.000000000
402 0.000000000
403 0.000000000
404 0.000000000
405 0.000000000
406 6.000000000
407 0.000000000
408 0.553571429
409 0.428571429
410 0.125000000
411 0.000000000
412 0.000000000
413 0.000000000
414 0.000000000
415 0.000000000
416 0.000000000
417 37935.547619048
418 394.714285714
419 37935.547619048
420 0.000000000
421 9967.871501671
422 1.500000000
423 0.000000000
424 1.500000000
425 0.666666667
426 0.166666667
427 0.166666667
428 0.166666667
429 0.166666667
430 0.166666667
431 0.166666667
432 0.166666667
433 0.083333333
434 0.166666667
435 0.083333333
436 0.000000000
437 0.000000000
438 0.000000000
439 640.000000000
440 0.000000000
441 0.766666667
442 0.166666667
443 69521.339821211
444 0.600000000
445 0.166666667
446 0.166666667
447 1539.781500934
448 0.250000000
449 3.000000000
450 0.200000000
451 0.750000000
452 0.200000000
453 0.000000000
454 0.200000000
455 0.750000000
456 0.000000000
457 0.000000000
458 0.000000000
459 0.000000000
460 0.000000000
461 0.000000000
462 18200.517545334
463 0.500000000
464 0.250000000
465 0.250000000
466 73663.911627312
467 0.000000000
468 0.000000000
469 0.000000000
470 0.000000000
471 0.000000000
472 0.000000000
473 0.000000000
474 0.000000000
475 0.000000000
476 0.000000000
477 0.000000000
478 0.000000000
479 0.000000000
480 0.000000000
481 59833.047395688
482 12250.605846206
483 178258.709947690
484 0.000000000
485 12100.472372146
486 0.000000000
487 3837.000000000
488 0.000000000
489 0.000000000
490 0.000000000
491 0.000000000
492 0.000000000
493 640.000000000
494 0.000000000
495 21536.115995738
496 0.000000000
497 0.000000000
498 0.000000000
499 0.000000000
500 0.000000000
501 0.000000000
502 0.000000000
503 0.000000000
504 0.000000000
505 0.000000000
506 8626.399720204
507 8626.399720204
508 0.000000000
509 42.000000000
510 0.000000000
511 0.000000000
512 53.500000000
513 0.000000000
514 0.000000000
515 639.500000000
516 0.000000000
517 0.000000000
518 0.000000000
519 0.000000000
520 0.000000000
521 0.222222222
522 0.222222222
523 0.222222222
524 0.222222222
525 0.111111111
526 0.222222222
527 0.111111111
528 0.222222222
529 0.222222222
530 0.090909091
531 0.090909091
532 0.090909091
533 17279.729188987
534 0.090909091
535 0.090909091
536 0.090909091
537 17279.729188987
538 0.090909091
539 0.000000000
540 0.000000000
541 0.000000000
542 0.000000000
543 0.000000000
544 0.000000000
545 0.000000000
546 0.000000000
547 0.000000000
548 0.000000000
549 0.000000000
550 0.000000000
551 6.000000000
552 6.000000000
553 0.000000000
554 3837.000000000
555 181.593304843
556 2267.481071172
557 181.593304843
558 229.752231062
559 40951.064171210
560 229.752231062
561 2295.244505864
562 24235.333062364
563 181.593304843
564 2295.244505864
565 2295.244505864
566 24235.333062364
567 24235.333062364
568 2295.244505864
569 40950.610467506
570 60599.593304843
571 181.593304843
572 73314.997343590
573 0.000000000
574 0.000000000
575 97.710365560
576 0.000000000
577 0.000000000
578 90759.921043299
579 0.076923077
580 0.076923077
581 0.076923077
582 0.076923077
583 0.076923077
584 0.000000000
585 0.250000000
586 42859.033333333
587 0.000000000
588 0.500000000
589 0.000000000
590 1.000000000
591 0.000000000
592 0.000000000
593 0.000000000
594 0.000000000
595 1.000000000
596 0.000000000
597 0.000000000
598 0.000000000
599 1.000000000
600 0.000000000
601 4.000000000
602 0.000000000
603 0.000000000
604 0.000000000
605 0.000000000
606 0.000000000
607 0.000000000
608 0.000000000
609 0.000000000
610 0.000000000
611 3224.378571429
612 0.000000000
613 3224.378571429
614 0.000000000
615 0.000000000
616 0.000000000
617 0.000000000
618 0.000000000
619 0.000000000
620 9.000000000
621 0.000000000
622 0.000000000
623 551.140524925
624 551.140524925
625 0.000000000
626 0.000000000
627 551.140524925
628 0.000000000
629 0.000000000
630 38280.563677847
631 0.000000000
632 0.000000000
633 0.000000000
634 0.000000000
635 0.000000000
636 0.000000000
637 0.000000000
638 4.500000000
639 0.000000000
640 0.000000000
641 0.000000000
642 4.500000000
643 2.000000000
644 0.000000000
645 0.000000000
646 0.000000000
647 0.000000000
648 0.000000000
649 0.000000000
650 484.081948004
651 40342.205384133
652 47.570963256
653 0.000000000
654 0.000000000
655 0.000000000
656 3.333333333
657 3.333333333
658 3837.000000000
659 0.037037037
660 40342.242421171
661 0.037037037
662 0.037037037
663 0.037037037
664 0.125000000
665 0.125000000
666 0.428571429
669 0.428571429
670 0.428571429
671 0.428571429
672 0.428571429
673 0.000000000
674 0.428571429
676 0.000000000
677 28.000000000
678 0.000000000
679 0.000000000
680 0.000000000
681 0.000000000
682 0.000000000
683 0.000000000
684 0.000000000
685 0.000000000
686 0.000000000
687 1.000000000
688 0.000000000
689 85104.000000000
690 0.000000000
691 0.000000000
692 0.000000000
693 0.000000000
694 90525.000000000
695 0.000000000
696 0.000000000
697 0.000000000
698 0.000000000
699 0.000000000
700 0.000000000
701 0.000000000
702 0.000000000
703 0.000000000
704 0.000000000
705 82998.733827868
706 0.000000000
707 0.000000000
708 0.000000000
709 0.000000000
710 14.000000000
711 0.000000000
712 0.000000000
713 0.000000000
714 0.000000000
715 1.000000000
716 0.000000000
717 0.125000000
718 2.125000000
719 2.125000000
720 2.125000000
721 2.000000000
722 13.477059318
723 18.222405639
724 17.136907803
725 11.309202176
726 13.102383994
727 24.844050660
728 5.464245476
729 17.136907803
730 24.844050660
731 0.125000000
732 0.125000000
733 0.125000000
734 0.125000000
735 2.000000000
736 11.154440271
737 24.407687024
738 6.273119935
739 8.226150238
740 6.273119935
741 0.000000000
742 6.273119935
743 12.095646021
744 3.862513874
745 3.862513874
746 3.862513874
747 0.112121212
748 11.242535509
749 0.000000000
750 3.000000000
751 0.000000000
752 0.000000000
753 0.000000000
754 0.000000000
755 0.000000000
756 0.000000000
757 1281.000000000
758 0.000000000
759 0.000000000
760 0.000000000
761 0.000000000
762 0.000000000
763 0.000000000
764 0.000000000
765 0.000000000
766 0.000000000
767 0.000000000
768 0.000000000
769 0.000000000
770 0.000000000
771 2560.066666667
772 0.000000000
773 0.000000000
774 0.000000000
775 0.000000000
776 0.000000000
777 0.000000000
778 0.000000000
779 0.000000000
780 0.000000000
781 0.000000000
782 0.000000000
783 0.000000000
784 0.000000000
785 0.000000000
786 0.000000000
789 0.000000000
790 0.000000000
791 0.000000000
792 0.000000000
793 0.000000000
794 8.000000000
795 0.000000000
796 0.000000000
797 0.000000000
798 0.000000000
799 0.000000000
800 7.000000000
801 0.000000000
802 7.000000000
803 3.991301753
804 3.991301753
805 3.907968419
806 0.000000000
807 0.000000000
808 0.000000000
809 0.000000000
810 0.000000000
811 0.000000000
812 3.907968419
813 0.166666667
814 0.166666667
815 1.166666667
816 1.000000000
817 1.166666667
818 1.000000000
819 0.166666667
820 0.166666667
821 1.000000000
822 0.000000000
823 0.000000000
824 0.000000000
825 0.000000000
826 0.000000000
827 0.000000000
828 0.000000000
830 24498.253532438
831 0.000000000
832 0.000000000
833 34.378571429
834 0.000000000
835 0.000000000
836 0.000000000
837 0.000000000
838 0.000000000
839 0.000000000
840 0.000000000
842 0.000000000
843 0.000000000
844 0.000000000
845 0.000000000
848 0.000000000
849 0.000000000
850 0.000000000
851 0.000000000
852 0.000000000
853 0.000000000
854 0.000000000
855 0.000000000
856 0.000000000
857 0.000000000
858 0.000000000
859 0.000000000
860 0.000000000
861 84.000000000
862 0.000000000
863 0.000000000
864 336.000000000
865 0.000000000
866 0.000000000
867 0.000000000
868 0.000000000
869 0.000000000
870 0.000000000
871 0.000000000
872 0.000000000
873 0.000000000
874 0.000000000
875 0.000000000
876 0.000000000
877 0.000000000
878 0.000000000
879 48.000000000
880 0.000000000
881 0.000000000
882 0.000000000
883 0.000000000
884 0.000000000
885 0.000000000
886 0.000000000
887 0.142857143
888 0.142857143
889 0.142857143
890 0.000000000
891 0.142857143
892 0.142857143
893 0.142857143
894 0.142857143
895 0.000000000
896 0.000000000
897 0.000000000
898 0.000000000
899 0.000000000
900 0.000000000
901 0.000000000
902 0.000000000
903 0.000000000
904 0.000000000
905 0.000000000
906 0.000000000
907 0.000000000
908 0.000000000
909 0.000000000
910 0.000000000
911 0.000000000
912 0.000000000
913 0.000000000
914 0.000000000
915 0.000000000
916 0.000000000
917 0.000000000
918 0.000000000
919 0.000000000
920 0.000000000
921 0.000000000
922 0.000000000
923 1.253968254
924 4.531746032
925 5.460317460
926 1.253968254
927 1.365079365
928 5.460317460
929 8.333333333
930 8.333333333
931 8.333333333
932 0.000000000
933 0.000000000
934 0.000000000
935 0.000000000
936 0.000000000
937 0.000000000
938 0.000000000
939 0.000000000
940 0.000000000
941 0.000000000
942 2.333333333
943 0.333333333
944 2.333333333
945 1.000000000
946 0.000000000
947 0.000000000
948 0.000000000
949 0.200000000
950 1.533333333
951 1.333333333
952 0.200000000
953 1.333333333
954 0.200000000
955 0.200000000
956 0.000000000
957 0.000000000
959 0.000000000
960 0.000000000
961 2.000000000
962 0.000000000
963 0.000000000
964 0.000000000
965 1.500000000
966 1.500000000
967 0.000000000
968 0.000000000
969 0.000000000
970 0.000000000
972 0.000000000
973 0.000000000
974 0.000000000
975 0.000000000
976 0.000000000
978 6.000000000
979 0.000000000
997 8.683333333
998 6.726190476
999 0.142857143
1000 0.342857143
1001 9.350000000
1002 0.250000000
1003 3.733333333
1004 4.126190476
1005 0.342857143
1006 1.626190476
1007 0.892857143
1008 0.000000000
1009 0.333333333
1010 0.333333333
1011 0.333333333
1012 0.000000000
1013 0.000000000
1014 0.000000000
1015 0.000000000
1016 0.000000000
1022 0.000000000
1023 0.000000000
1024 0.000000000
1025 0.000000000
1026 0.000000000
1027 0.000000000
1028 0.000000000
1029 0.000000000
1030 0.000000000
1031 0.000000000
1032 0.000000000
1033 0.000000000
1034 0.000000000
1035 0.000000000
1036 0.000000000
1037 0.000000000
1038 0.000000000
1039 0.000000000
1040 0.000000000
1041 0.000000000
1042 0.000000000
1043 0.000000000
1044 0.000000000
1045 0.000000000
1046 0.000000000
1047 0.000000000
1048 0.000000000
1049 0.000000000
1050 0.000000000
1051 0.000000000
1052 0.000000000
1053 0.000000000
1054 0.000000000
1055 0.000000000
1056 0.000000000
1057 0.000000000
1058 0.000000000
1059 0.000000000
1060 0.000000000
1061 0.000000000
1062 0.000000000
1063 0.000000000
1064 0.000000000
1065 0.000000000
1066 0.000000000
1067 0.000000000
1068 0.000000000
1069 0.000000000
1070 0.000000000
1071 0.000000000
1072 0.000000000
1073 0.000000000
1074 0.000000000
1075 0.000000000
1076 0.000000000
1077 0.000000000
1078 0.000000000
1079 0.000000000
1080 0.000000000
1081 0.000000000
1082 0.000000000
1083 0.000000000
1084 0.000000000
1085 0.000000000
1086 0.000000000
1087 0.000000000
1088 0.000000000
1089 0.000000000
1090 0.000000000
1091 0.000000000
1092 0.000000000
1093 0.000000000
1094 0.000000000
1095 0.000000000
1096 0.000000000
1097 0.000000000
1098 0.000000000
1099 0.000000000
1100 0.000000000
1101 0.000000000
1102 0.000000000
1103 0.000000000
1104 0.000000000
1105 0.000000000
1106 0.000000000
1107 0.000000000
1108 0.000000000
1109 0.000000000
1110 0.000000000
1111 0.000000000
1112 21.000000000
1113 0.000000000
1114 37.000000000
1115 0.000000000
1116 0.000000000
1117 0.000000000
1118 0.000000000
1119 0.400000000
1120 0.950000000
1121 0.950000000
1122 16.666666667
1123 0.333333333
1124 0.333333333
1125 0.333333333
1126 0.333333333
1127 0.000000000
1128 0.000000000
1129 0.000000000
1130 0.000000000
1131 0.000000000
1132 0.000000000
1133 0.000000000
1134 0.000000000
1135 0.000000000
1136 0.000000000
1137 0.000000000
1138 0.000000000
1139 14.000000000
1140 0.000000000
1141 0.000000000
1142 0.000000000
1143 0.000000000
1144 0.000000000
1145 0.000000000
1146 0.000000000
1147 14.000000000
1148 0.000000000
1149 0.000000000
1150 0.000000000
1151 0.000000000
1152 0.000000000
1153 0.000000000
1154 0.000000000
1155 0.000000000
1156 5.333333333
1157 9.916666667
1158 0.000000000
1159 27.833333333
1160 0.000000000
1161 0.000000000
1162 0.000000000
1163 0.000000000
1164 0.000000000
1165 0.000000000
1166 0.000000000
1167 0.000000000
1168 0.000000000
1169 0.000000000
1170 6.166666667
1171 0.000000000
1172 0.000000000
1173 9.750000000
1174 0.000000000
1175 9.000000000
1176 0.000000000
1177 0.000000000
1178 0.000000000
1179 167.000000000
1180 0.000000000
1181 21.000000000
1182 68.000000000
1183 0.000000000
1184 14.000000000
1185 0.000000000
1186 0.000000000
1187 0.000000000
1188 0.000000000
1189 0.000000000
1190 0.000000000
1191 0.400000000
1192 0.950000000
1193 0.950000000
1194 3509.815393096
1195 3480.441228674
1196 0.000000000
1197 0.000000000
1198 3509.815393096
1199 3509.815393096
1200 3480.441228674
1201 1.000000000
1202 0.000000000
1203 1.000000000
1204 0.000000000
1205 0.000000000
1206 0.400000000
1207 0.000000000
1208 0.125000000
1209 0.125000000
1210 0.125000000
1211 0.125000000
1212 0.125000000
1213 0.125000000
1214 0.125000000
1215 0.125000000
1216 0.000000000
1217 625.300380066
1218 625.300380066
1219 625.300380066
1220 557.389268955
1221 0.000000000
1222 0.000000000
1223 3.000000000
1224 0.000000000
1225 0.000000000
1226 36.000000000
1227 19.000000000
1228 0.000000000
1229 0.000000000
1230 0.000000000
1231 0.000000000
1232 0.000000000
1233 0.000000000
1234 0.000000000
1235 0.000000000
1236 19.000000000
1237 0.000000000
1238 6.000000000
1239 0.000000000
1240 0.000000000
1241 0.000000000
1242 0.000000000
1243 0.000000000
1244 0.666666667
1245 0.666666667
1246 0.666666667
1247 0.000000000
1248 0.000000000
1249 0.200000000
1250 4.500000000
1251 0.950000000
1252 4.500000000
1253 0.950000000
1254 0.950000000
1255 0.950000000
1256 2.000000000
1257 1.000000000
1258 0.000000000
1259 0.000000000
1260 3.333333333
1261 0.333333333
1262 0.000000000
1263 10.333333333
1264 0.000000000
1265 0.142857143
1266 0.142857143
1267 0.000000000
1268 0.142857143
1269 0.142857143
1270 0.142857143
1271 0.142857143
1272 0.142857143
1273 0.060606061
1274 0.060606061
1275 0.060606061
1276 551.079087579
1277 0.060606061
1278 0.060606061
1279 648.786779887
1280 648.786779887
1281 648.786779887
1282 648.786779887
1283 648.786779887
1284 648.786779887
1285 648.786779887
1286 187.582584083
1287 187.582584083
1288 0.060606061
1289 0.060606061
1290 0.060606061
1291 648.786779887
1292 648.786779887
1293 0.060606061
1294 0.060606061
1295 50882.060606061
1296 648.786779887
1297 0.060606061
1298 0.060606061
1299 0.060606061
1300 0.060606061
1301 0.060606061
1302 0.060606061
1303 187.582584083
1304 0.060606061
1305 0.060606061
1306 12.000000000
1307 6.000000000
1308 0.000000000
1309 4.000000000
1310 0.000000000
1311 0.000000000
1312 7.000000000
1313 7.000000000
1314 17.500000000
1316 0.000000000
1317 0.000000000
1318 0.000000000
1319 0.000000000
1320 0.000000000
1321 0.000000000
1322 0.000000000
1323 0.000000000
1324 0.000000000
1325 0.000000000
1326 0.000000000
1327 0.000000000
1328 0.000000000
1329 0.000000000
1330 0.000000000
1331 0.000000000
1332 0.000000000
1333 6342.469064193
1334 6342.469064193
1335 6342.469064193
1336 6342.469064193
1337 5577.469064193
1338 5577.469064193
1339 6342.469064193
1340 0.000000000
1341 0.000000000
1342 0.000000000
1343 0.000000000
1344 0.000000000
1345 0.000000000
1346 0.000000000
1347 0.000000000
1348 0.000000000
1349 0.000000000
1350 0.000000000
1351 0.000000000
1352 0.000000000
1353 0.000000000
1354 1.500000000
1355 0.000000000
1356 10.000000000
1357 0.000000000
1358 0.000000000
1359 0.000000000
1360 0.000000000
1361 0.000000000
1362 0.000000000
1363 0.000000000
1365 0.000000000
1366 5.000000000
1367 0.000000000
1368 0.000000000
1369 0.000000000
1370 0.000000000
1371 0.000000000
1372 0.000000000
1373 0.000000000
1374 0.000000000
1375 0.000000000
1376 0.000000000
1377 0.000000000
1378 0.000000000
1379 0.000000000
1380 0.000000000
1381 0.000000000
1382 0.000000000
1383 0.000000000
1384 0.000000000
1385 0.000000000
1386 0.000000000
1387 0.000000000
1388 0.000000000
1389 0.000000000
1390 0.000000000
1391 0.000000000
1392 0.000000000
1393 0.000000000
1394 0.000000000
1395 0.000000000
1396 0.000000000
1397 0.000000000
1398 0.000000000
1399 2.000000000
1400 0.000000000
1401 0.000000000
1402 0.000000000
1403 0.000000000
1404 2.000000000
1405 0.000000000
1406 0.090909091
1407 0.090909091
1408 0.090909091
1409 0.090909091
1410 0.090909091
1411 0.090909091
1412 0.090909091
1413 0.000000000
1414 0.090909091
1415 0.090909091
1416 0.090909091
1417 0.090909091
1418 0.000000000
1419 0.000000000
1420 1.000000000
1421 0.000000000
1422 0.000000000
1423 0.000000000
1424 0.000000000
1425 0.000000000
1426 0.000000000
1427 0.000000000
1428 0.000000000
1429 0.000000000
1430 0.000000000
1431 0.000000000
1432 0.000000000
1433 0.000000000
1434 0.000000000
1435 0.000000000
1436 0.000000000
1437 0.000000000
1438 0.000000000
1439 3.200000000
1440 0.000000000
1441 2.000000000
1442 0.000000000
1443 3.200000000
1444 0.000000000
1445 0.000000000
1446 0.000000000
1447 5247.333607504
1448 0.000000000
1449 0.000000000
1450 0.000000000
1451 0.000000000
1452 0.200000000
1453 0.200000000
1454 0.200000000
1455 0.000000000
1456 0.333333333
1457 0.000000000
1458 0.000000000
1459 0.000000000
1460 0.000000000
1461 0.000000000
1462 0.000000000
1463 0.000000000
1464 0.000000000
1465 0.000000000
1466 0.000000000
1467 0.000000000
1468 0.000000000
1469 0.000000000
1470 0.000000000
1471 0.000000000
1472 0.000000000
1473 0.000000000
1474 0.000000000
1475 0.000000000
1476 0.000000000
1477 0.000000000
1478 0.000000000
1479 0.000000000
1480 0.000000000
1481 1.000000000
1482 0.000000000
1483 538.137620351
1484 0.000000000
1485 538.137620351
1486 538.137620351
1487 0.000000000
1488 0.000000000
1489 0.000000000
1490 0.000000000
1491 0.000000000
1492 0.000000000
1493 0.000000000
1494 0.000000000
1495 0.000000000
1496 0.000000000
1497 0.000000000
1498 0.000000000
1499 0.000000000
1500 0.000000000
1501 1.500000000
1502 1.500000000
1503 0.000000000
1504 0.000000000
1505 0.166666667
1506 3.500000000
1507 3.333333333
1508 2560.000000000
1509 0.000000000
1510 0.000000000
1511 0.666666667
1512 3.500000000
1513 3.500000000
1514 0.666666667
1515 0.000000000
1516 0.000000000
1517 0.000000000
1518 0.000000000
1519 0.000000000
1520 0.000000000
1521 0.500000000
1522 0.000000000
1523 0.000000000
1524 0.000000000
1525 0.000000000
1526 0.666666667
1527 0.666666667
1528 0.000000000
1529 0.666666667
1530 0.666666667
1531 1.000000000
1532 1.250000000
1533 0.250000000
1534 0.166666667
1535 0.166666667
1536 0.166666667
1537 0.166666667
1538 3.333333333
1539 0.250000000
1540 0.250000000
1541 1.000000000
1542 0.000000000
1543 0.000000000
1544 0.000000000
1545 0.000000000
1546 0.000000000
1547 0.000000000
1548 0.000000000
1549 0.000000000
1550 0.000000000
1551 0.000000000
1552 3.500000000
1553 3.500000000
1554 0.000000000
1555 0.000000000
1556 0.000000000
1557 0.000000000
1558 0.333333333
1559 0.333333333
1560 0.000000000
1561 0.333333333
1562 0.000000000
1563 0.000000000
1564 0.000000000
1565 0.000000000
1566 0.000000000
1567 0.000000000
1568 1.000000000
1569 0.000000000
1570 1.000000000
1571 1.000000000
1572 1.000000000
1573 0.000000000
1574 0.000000000
1575 0.000000000
1576 0.000000000
1577 0.000000000
1578 0.000000000
1579 0.000000000
1580 0.000000000
1581 0.000000000
1582 0.000000000
1583 0.000000000
1584 0.000000000
1585 0.000000000
1586 0.000000000
1587 0.000000000
1588 0.000000000
1589 4.000000000
1590 0.000000000
1591 0.000000000
1592 0.000000000
1593 0.000000000
1594 0.000000000
1595 0.000000000
1596 0.000000000
1597 0.000000000
1598 0.000000000
1599 0.000000000
1601 0.000000000
1602 0.000000000
1604 5626.930319066
1605 0.142857143
1606 5745.930319066
1607 0.142857143
1608 0.000000000
1609 0.000000000
1610 0.000000000
1611 0.000000000
1612 0.000000000
1613 0.000000000
1614 0.000000000
1615 0.000000000
1616 0.000000000
1617 0.000000000
1618 0.000000000
1619 0.000000000
1620 0.000000000
1621 0.000000000
1622 0.000000000
1623 0.000000000
1624 0.000000000
1625 0.000000000
1626 0.000000000
1627 0.000000000
1628 0.000000000
1629 0.000000000
1630 0.000000000
1631 0.000000000
1632 0.000000000
1633 0.000000000
1634 0.000000000
1635 0.000000000
1636 0.000000000
1637 0.000000000
1638 0.000000000
1639 0.000000000
1640 0.000000000
1641 0.000000000
1642 12.000000000
1643 0.000000000
1644 0.000000000
1645 0.000000000
1646 0.000000000
1647 0.000000000
1648 0.500000000
1649 0.500000000
1650 0.500000000
1651 0.500000000
1652 0.000000000
1653 0.000000000
1654 0.000000000
1655 0.000000000
1656 0.000000000
1657 0.000000000
1658 0.000000000
1659 0.000000000
1660 0.000000000
1661 0.000000000
1662 0.000000000
1663 0.000000000
1664 0.000000000
1665 0.000000000
1666 0.000000000
1667 0.000000000
1668 2.250000000
1669 71.000000000
1670 3.000000000
1671 2.250000000
1672 0.000000000
1673 2.250000000
1674 0.000000000
1675 2.250000000
1676 0.000000000
1677 0.000000000
1678 0.000000000
1679 0.000000000
1680 0.000000000
1681 0.000000000
1682 0.000000000
1683 0.000000000
1684 0.000000000
1685 0.000000000
1686 0.000000000
1687 0.000000000
1688 0.000000000
1689 0.000000000
1690 0.000000000
1691 0.000000000
1692 0.000000000
1693 0.000000000
1694 0.000000000
1695 0.000000000
1696 0.000000000
1697 0.000000000
1698 0.000000000
1699 0.000000000
1700 0.000000000
1701 0.000000000
1702 0.000000000
1703 0.000000000
1704 0.000000000
1705 0.000000000
1706 0.000000000
1707 0.000000000
1708 0.000000000
1709 0.000000000
1710 0.000000000
1711 0.000000000
1712 0.000000000
1713 0.000000000
1714 0.000000000
1715 0.000000000
1716 0.000000000
1717 0.000000000
1718 0.000000000
1719 0.000000000
1720 0.000000000
1721 0.000000000
1722 0.000000000
1723 0.000000000
1724 0.000000000
1725 0.000000000
1726 0.000000000
1727 0.000000000
1728 0.000000000
1729 0.000000000
1730 0.000000000
1731 0.000000000
1732 0.000000000
1733 0.000000000
1734 0.000000000
1735 0.000000000
1736 0.000000000
1737 0.000000000
1738 0.000000000
1739 0.000000000
1740 1.250000000
1741 0.250000000
1742 1.000000000
1743 1.000000000
1744 0.250000000
1745 0.250000000
1746 58.974996392
1747 0.125000000
1748 0.125000000
1749 0.125000000
1750 0.125000000
1751 0.125000000
1752 0.125000000
1753 0.000000000
1754 0.125000000
1755 3210.382650405
1756 178.042857143
1757 10613.106144874
1758 6836.757978596
1759 0.000000000
1760 0.000000000
1761 0.000000000
1762 0.000000000
1763 0.000000000
1764 0.000000000
1765 0.000000000
1766 14987.201008991
1767 16217.216636049
1768 0.000000000
1769 0.000000000
1770 0.000000000
1771 186.873306878
1772 0.000000000
1773 0.000000000
1774 0.000000000
1775 0.000000000
1776 0.000000000
1777 0.000000000
1778 50.468264143
1779 1.866147741
1780 0.000000000
1781 0.000000000
1782 0.200000000
1783 0.200000000
1784 4.450000000
1785 4.450000000
1786 4.450000000
1787 0.000000000
1788 0.000000000
1789 0.000000000
1790 0.000000000
1791 0.000000000
1792 0.000000000
1793 0.000000000
1794 0.000000000
1795 0.000000000
1796 0.000000000
1797 0.000000000
1798 21.870129870
1799 0.000000000
1800 3837.000000000
1801 4.106623932
1802 4.106623932
1803 0.869166667
1804 6.151260684
1805 0.000000000
1806 2.201816239
1807 0.000000000
1808 0.000000000
1809 0.250000000
1810 0.000000000
1811 0.566666667
1812 0.000000000
1813 0.000000000
1814 2560.000000000
1815 0.000000000
1817 0.000000000
1819 0.500000000
1820 0.000000000
1821 0.500000000
1822 0.000000000
1823 0.000000000
1824 0.000000000
1825 0.000000000
1826 0.000000000
1827 6385.500000000
1828 0.500000000
1829 0.250000000
1830 0.250000000
1831 0.000000000
1832 0.000000000
1833 0.250000000
1834 0.250000000
1835 0.000000000
1836 0.000000000
1837 0.000000000
1838 0.000000000
1839 6.000000000
1840 1.666666667
1841 0.037037037
1842 151310.157369539
1843 0.037037037
1844 0.037037037
1845 0.037037037
1846 151310.157369539
1847 58.543815616
1848 58.543815616
1849 58.543815616
1850 58.543815616
1851 0.000000000
1852 58.543815616
1853 58.543815616
1854 58.543815616
1855 58.543815616
1856 58.543815616
1857 58.543815616
1858 0.000000000
1859 0.000000000
1860 0.000000000
1861 0.000000000
1862 0.000000000
1863 0.000000000
1864 0.000000000
1865 0.000000000
1866 3.333333333
1867 3.333333333
1868 0.000000000
1869 0.000000000
1870 0.333333333
1871 0.000000000
1872 0.000000000
1873 0.000000000
1874 0.000000000
1875 0.000000000
1876 0.000000000
1877 0.000000000
1878 0.076923077
1879 2.362637363
1880 2.285714286
1881 0.076923077
1882 0.076923077
1883 2.362637363
1884 0.076923077
1885 2.362637363
1886 2.362637363
1887 2.362637363
1888 2.285714286
1889 0.076923077
1890 0.076923077
1891 0.076923077
1892 0.076923077
1893 0.400000000
1894 0.400000000
1895 0.400000000
1896 0.400000000
1897 0.400000000
1898 0.400000000
1899 0.400000000
1900 0.400000000
1901 0.000000000
1902 0.400000000
1903 0.400000000
1904 0.400000000
1905 0.400000000
1906 0.400000000
1907 0.400000000
1908 0.400000000
1909 0.000000000
1910 6.000000000
1911 6.000000000
1912 6.000000000
1913 6.000000000
1914 6.000000000
1915 1.666666667
1916 0.000000000
1917 1.666666667
1918 1.666666667
1919 1.666666667
1920 1.666666667
1921 1.666666667
1922 1.666666667
1923 1.666666667
1924 92.212962963
1925 92.212962963
1926 0.000000000
1927 0.000000000
1928 0.000000000
1929 0.111111111
1930 0.111111111
1931 0.111111111
1932 0.000000000
1933 0.111111111
1934 999.761355311
1935 0.000000000
1936 0.000000000
1937 0.375000000
1938 0.375000000
1939 0.000000000
1940 0.000000000
1941 0.000000000
1942 0.000000000
1943 0.000000000
1944 0.000000000
1945 0.000000000
1946 0.000000000
1947 0.000000000
1948 0.000000000
1949 1.000000000
1950 0.000000000
1951 0.500000000
1952 1.700000000
1953 1.200000000
1954 1.700000000
1955 0.500000000
1956 1.200000000
1957 0.500000000
1958 0.500000000
1959 1.200000000
1960 0.333333333
1961 0.333333333
1962 0.000000000
1963 0.333333333
1964 0.000000000
1965 0.000000000
1966 0.000000000
1967 0.000000000
1968 0.000000000
1969 0.000000000
1970 0.000000000
1971 0.000000000
1972 0.000000000
1973 0.000000000
1974 0.000000000
1975 0.500000000
1976 0.500000000
1977 0.000000000
1978 0.000000000
1979 0.000000000
1980 0.000000000
1981 0.000000000
1982 0.000000000
1983 0.000000000
1984 0.000000000
1985 0.066666667
1986 0.066666667
1987 0.066666667
1988 0.066666667
1989 0.066666667
1990 22752.066666667
1991 0.066666667
1992 0.066666667
1993 0.066666667
1994 0.066666667
1995 0.066666667
1996 0.066666667
1997 0.066666667
1998 0.066666667
1999 0.000000000
2000 1.000000000
2001 1.000000000
2002 24.533333333
2003 0.200000000
2004 0.200000000
2005 0.000000000
2006 0.200000000
2007 0.200000000
2008 1.000000000
2009 0.000000000
2012 1.000000000
2013 1.000000000
2014 0.000000000
2015 0.000000000
2016 0.000000000
2017 0.111111111
2018 0.111111111
2019 0.111111111
2020 5.311111111
2021 5.311111111
2022 5.311111111
2023 5.311111111
2024 0.000000000
2025 0.000000000
2026 0.000000000
2027 0.000000000
2028 0.000000000
2029 0.000000000
2030 0.000000000
2031 135.333607504
2032 0.000000000
2033 135.333607504
2034 135.333607504
2035 0.000000000
2036 135.333607504
2037 0.055555556
2038 112.476464646
2039 0.055555556
2040 0.055555556
2041 112.476464646
2042 0.000000000
2043 0.055555556
2044 0.055555556
2045 0.055555556
2046 0.055555556
2047 0.055555556
2048 0.055555556
2049 5.855921856
2050 1.550366300
2051 8863.454365079
2052 0.455128205
2053 1.550366300
2054 1.550366300
2055 0.455128205
2056 0.455128205
2057 0.455128205
2058 0.455128205
2059 5.855921856
2060 8877.904365079
2061 21642.960683761
2062 0.094017094
2063 3785.675366300
2064 15809.294017094
2065 0.794017094
2066 0.219017094
2067 0.522588523
2068 3792.125366300
2069 0.647588523
2070 0.219017094
2071 0.219017094
2072 20.000000000
2073 0.000000000
2074 0.000000000
2075 0.000000000
2076 0.000000000
2077 0.000000000
2078 0.253623188
2079 0.253623188
2080 0.253623188
2081 0.253623188
2082 0.253623188
2083 0.253623188
2084 0.253623188
2085 0.083333333
2086 0.253623188
2087 0.253623188
2088 0.253623188
2089 0.083333333
2090 65137.253623188
2091 0.253623188
2092 0.253623188
2093 0.253623188
2094 0.253623188
2095 0.253623188
2096 0.253623188
2097 0.253623188
2098 0.253623188
2099 0.253623188
2100 0.253623188
2101 0.253623188
2102 0.253623188
2103 0.253623188
2104 0.253623188
2105 0.253623188
2106 0.253623188
2107 0.083333333
2108 0.253623188
2109 0.253623188
2110 0.253623188
2111 0.253623188
2112 0.253623188
2113 0.253623188
2114 0.253623188
2115 0.253623188
2116 0.253623188
2117 0.253623188
2118 0.253623188
2119 0.253623188
2120 0.253623188
2121 0.253623188
2122 0.253623188
2123 0.253623188
2124 0.253623188
2125 0.253623188
2126 0.083333333
2127 0.253623188
2128 0.000000000
2129 0.000000000
2130 0.000000000
2131 0.000000000
2132 0.142857143
2133 3195.000000000
2134 0.142857143
2135 3195.000000000
2136 0.142857143
2137 0.142857143
2138 0.142857143
2139 0.000000000
2140 0.000000000
2141 0.000000000
2142 0.000000000
2143 0.000000000
2144 0.000000000
2145 6.000000000
2146 0.000000000
2147 0.000000000
2148 0.000000000
2149 1.500000000
2150 1.500000000
2151 0.000000000
2152 0.000000000
2153 0.000000000
2154 1086.666666667
2155 0.000000000
2156 0.000000000
2157 0.000000000
2158 0.000000000
2159 0.000000000
2160 2560.000000000
2161 0.000000000
2162 0.000000000
2163 0.000000000
2164 0.000000000
2165 0.000000000
2166 0.000000000
2167 0.000000000
2168 0.533333333
2169 0.533333333
2170 0.533333333
2171 0.533333333
2172 0.533333333
2173 0.166666667
2174 0.166666667
2175 0.000000000
2176 0.000000000
2177 0.000000000
2178 3.000000000
2179 0.000000000
2180 0.500000000
2181 45.500000000
2182 0.000000000
2183 0.000000000
2184 0.000000000
2185 0.000000000
2186 0.000000000
2187 0.000000000
2188 0.000000000
2189 0.000000000
2190 0.000000000
2191 0.000000000
2192 0.000000000
2193 0.111111111
2194 0.111111111
2195 0.000000000
2196 0.000000000
2197 0.000000000
2198 0.000000000
2199 0.000000000
2200 0.000000000
2201 0.000000000
2202 0.000000000
2203 0.000000000
2204 0.000000000
2205 0.000000000
2206 0.000000000
2207 0.000000000
2208 0.000000000
2209 0.000000000
2210 0.000000000
2211 0.000000000
2212 0.000000000
2213 0.000000000
2214 0.000000000
2215 0.000000000
2216 0.000000000
2217 0.000000000
2218 0.000000000
2219 0.000000000
2220 0.000000000
2221 0.000000000
2222 0.000000000
2223 0.000000000
2224 0.000000000
2225 0.000000000
2226 0.000000000
2227 0.000000000
2228 0.000000000
2229 0.000000000
2230 0.000000000
2231 0.000000000
2232 0.000000000
2233 0.000000000
2234 0.000000000
2235 0.000000000
2236 0.000000000
2237 0.000000000
2238 0.000000000
2239 587.000000000
2240 0.000000000
2241 0.000000000
2242 0.000000000
2243 1.500000000
2244 1.500000000
2245 0.000000000
2246 0.000000000
2247 0.000000000
2248 0.000000000
2249 0.000000000
2250 0.000000000
2251 0.000000000
2252 0.000000000
2253 0.000000000
2254 0.000000000
2255 0.000000000
2256 0.000000000
2257 3402.353746585
2258 0.000000000
2259 3402.353746585
2260 59.960275418
2261 3402.353746585
2262 0.000000000
2263 0.000000000
2264 0.500000000
2265 0.500000000
2266 0.000000000
2267 0.000000000
2268 0.000000000
2269 0.000000000
2270 0.000000000
2271 0.000000000
2272 0.000000000
2273 0.000000000
2274 0.000000000
2275 0.000000000
2276 0.000000000
2277 0.000000000
2278 0.000000000
2279 0.000000000
2280 0.000000000
2281 0.000000000
2282 0.000000000
2283 12720.000000000
2284 0.000000000
2285 0.000000000
2286 0.000000000
2287 0.000000000
2288 0.000000000
2289 0.000000000
2290 0.000000000
2291 0.000000000
2292 0.000000000
2293 0.000000000
2294 0.000000000
2295 0.000000000
2296 0.000000000
2297 0.000000000
2298 0.000000000
2299 0.000000000
2300 0.000000000
2301 0.000000000
2302 0.000000000
2303 0.000000000
2304 0.000000000
2305 0.000000000
2306 0.000000000
2307 0.000000000
2308 0.000000000
2309 0.000000000
2310 0.000000000
2311 0.000000000
2312 0.000000000
2313 0.000000000
2314 0.000000000
2315 0.000000000
2316 0.000000000
2317 0.000000000
2318 0.000000000
2319 0.000000000
2320 0.000000000
2321 0.000000000
2322 0.000000000
2323 0.000000000
2324 0.000000000
2325 0.000000000
2326 0.000000000
2327 0.000000000
2328 0.000000000
2329 0.000000000
2330 0.000000000
2331 0.333333333
2332 0.333333333
2333 0.666666667
2334 0.333333333
2335 0.181818182
2336 0.181818182
2337 0.000000000
2338 0.181818182
2339 0.181818182
2340 0.181818182
2341 0.181818182
2342 0.181818182
2343 0.181818182
2344 199.713564214
2345 0.181818182
2346 0.181818182
2347 0.000000000
2348 0.000000000
2349 0.333333333
2350 1.000000000
2351 0.000000000
2352 0.000000000
2353 0.000000000
2354 0.000000000
2355 0.000000000
2356 0.000000000
2357 0.000000000
2358 0.000000000
2359 0.000000000
2360 0.000000000
2361 0.000000000
2362 0.000000000
2363 0.000000000
2364 0.000000000
2365 15.000000000
2366 0.000000000
2367 0.000000000
2368 0.000000000
2369 0.000000000
2370 0.000000000
2371 0.000000000
2372 0.000000000
2373 0.000000000
2374 0.000000000
2375 0.000000000
2376 0.000000000
2377 0.000000000
2378 0.000000000
2379 1.000000000
2380 0.000000000
2381 0.000000000
2382 0.000000000
2383 0.000000000
2384 0.000000000
2385 0.000000000
2386 0.000000000
2387 0.000000000
2388 0.000000000
2389 0.000000000
2390 0.000000000
2391 0.000000000
2392 0.000000000
2393 0.000000000
2394 0.000000000
2395 0.000000000
2396 0.000000000
2397 12.000000000
2398 0.000000000
2399 0.000000000
2400 0.000000000
2401 0.000000000
2402 0.000000000
2403 0.000000000
2404 0.000000000
2405 0.000000000
2406 0.000000000
2407 0.000000000
2408 0.000000000
2409 0.000000000
2410 0.000000000
2411 0.000000000
2413 0.333333333
2414 0.000000000
2415 0.000000000
2416 0.000000000
2417 0.333333333
2418 0.333333333
2419 0.000000000
2420 0.000000000
2421 0.000000000
2422 0.000000000
2424 0.000000000
2425 0.333333333
2426 0.000000000
2427 0.000000000
2428 0.333333333
2429 0.333333333
2430 0.000000000
2431 0.000000000
2432 0.000000000
2433 0.000000000
2434 3.125000000
2435 16.533333333
2436 0.575000000
2437 4.791666667
2438 0.000000000
2439 4.741666667
2440 1.291666667
2441 0.200000000
2442 0.125000000
2443 0.600000000
2444 1.441666667
2445 0.575000000
2446 0.553571429
2447 11367.553571429
2448 11367.553571429
2449 0.125000000
2450 0.428571429
2451 0.553571429
2452 0.125000000
2453 0.428571429
2454 0.125000000
2455 0.000000000
2456 0.750000000
2457 0.750000000
2458 0.750000000
2459 0.750000000
2460 0.000000000
2461 1.000000000
2462 0.000000000
2463 0.000000000
2464 0.000000000
2465 0.000000000
2466 3.000000000
2467 0.000000000
2468 0.000000000
2469 0.000000000
2470 0.000000000
2471 0.000000000
2472 11.333333333
2473 0.166666667
2474 11.333333333
2475 11.333333333
2476 11.333333333
2477 0.166666667
2478 0.166666667
2479 0.166666667
2480 0.166666667
2481 0.166666667
2482 0.166666667
2483 0.166666667
2484 0.166666667
2485 0.166666667
2486 1.000000000
2487 0.000000000
2488 0.000000000
2489 0.712121212
2490 0.712121212
2491 3.974025974
2492 3.595238095
2493 3.974025974
2494 3.595238095
2495 3.595238095
2496 0.000000000
2497 0.000000000
2498 1.642857143
2499 1.642857143
2500 1.642857143
2501 1.642857143
2502 1.642857143
2503 1.642857143
2504 0.000000000
2505 0.142857143
2506 0.000000000
2507 0.000000000
2508 0.000000000
2509 0.000000000
2510 3.595238095
2511 0.712121212
2512 0.712121212
2513 0.712121212
2514 0.712121212
2515 0.000000000
2516 0.000000000
2517 0.712121212
2518 0.712121212
2519 0.000000000
2520 0.000000000
2521 10.833333333
2522 0.000000000
2523 0.000000000
2524 10.833333333
2525 0.000000000
2526 0.000000000
2527 0.000000000
2528 0.000000000
2529 0.000000000
2531 0.000000000
2532 0.000000000
2533 0.000000000
2534 0.000000000
2535 15.000000000
2536 0.000000000
2537 1.500000000
2538 0.333333333
2539 0.000000000
2540 0.250000000
2541 0.916666667
2542 0.333333333
2543 0.333333333
2544 1.500000000
2545 0.000000000
2546 0.000000000
2547 0.000000000
2548 3.974025974
2549 0.000000000
2550 0.000000000
2551 3.000000000
2552 0.000000000
2553 3.000000000
2554 0.000000000
2555 0.000000000
2556 0.000000000
2557 0.000000000
2558 0.000000000
2559 0.000000000
2560 0.500000000
2561 0.000000000
2562 0.000000000
2564 0.000000000
2565 0.000000000
2566 44.333333333
2567 0.000000000
2568 0.000000000
2569 0.000000000
2570 0.000000000
2571 0.000000000
2572 0.750000000
2573 0.000000000
2574 16.000000000
2575 0.000000000
2576 5.000000000
2577 0.000000000
2578 0.000000000
2579 0.000000000
2580 0.076923077
2581 0.076923077
2582 0.000000000
2583 0.000000000
2584 0.000000000
2585 0.000000000
2586 0.000000000
2587 0.000000000
2588 0.000000000
2589 0.000000000
2590 0.000000000
2591 0.000000000
2592 0.000000000
2593 0.000000000
2594 0.000000000
2595 0.000000000
2596 0.000000000
2597 0.000000000
2598 0.000000000
2599 0.000000000
2600 0.000000000
2601 0.000000000
2602 0.000000000
2603 0.000000000
2604 0.000000000
2605 0.000000000
2606 0.000000000
2607 0.000000000
2608 0.916666667
2609 0.000000000
2610 0.000000000
2611 0.000000000
2612 0.000000000
2613 0.000000000
2614 0.000000000
2615 0.333333333
2616 0.000000000
2617 0.000000000
2618 0.000000000
2619 0.000000000
2620 10.000000000
2621 8.000000000
2622 0.000000000
2623 1921.333333333
2624 639.000000000
2625 0.000000000
2626 0.000000000
2627 0.000000000
2628 0.000000000
2629 0.333333333
2630 0.000000000
2631 0.000000000
2632 0.000000000
2633 0.000000000
2634 37493.380952381
2635 0.142857143
2636 0.000000000
2637 0.000000000
2638 0.000000000
2639 0.000000000
2640 2.000000000
2641 27.000000000
2642 0.000000000
2643 0.000000000
2644 39.934523810
2645 4.333333333
2646 7.500000000
2647 2.333333333
2648 3.000000000
2649 0.000000000
2650 0.000000000
2651 0.000000000
2652 3.000000000
2653 0.000000000
2654 0.000000000
2655 0.000000000
2656 0.000000000
2657 0.000000000
2658 0.000000000
2659 0.000000000
2660 2.000000000
2661 0.000000000
2662 0.000000000
2663 0.000000000
2664 0.000000000
2665 0.000000000
2666 0.000000000
2667 0.000000000
2668 0.000000000
2669 0.000000000
2670 0.000000000
2671 0.000000000
2672 0.000000000
2673 0.000000000
2674 0.000000000
2675 0.500000000
2676 0.000000000
2677 0.500000000
2678 0.000000000
2679 0.333333333
2680 0.666666667
2681 0.333333333
2682 0.000000000
2683 16.000000000
2684 0.333333333
2685 0.333333333
2686 0.000000000
2687 0.000000000
2688 0.000000000
2689 13.000000000
2690 0.000000000
2691 0.000000000
2692 0.000000000
2693 0.000000000
2694 0.000000000
2695 0.000000000
2696 0.000000000
2697 1.000000000
2698 0.000000000
2699 14.500000000
2700 0.000000000
2701 0.000000000
2702 0.000000000
2703 0.000000000
2704 0.000000000
2705 0.000000000
2706 0.000000000
2707 0.000000000
2708 0.000000000
2709 0.000000000
2710 2560.200000000
2711 0.000000000
2712 0.000000000
2713 0.000000000
2714 0.000000000
2715 0.750000000
2716 4.500000000
2717 9.916666667
2718 0.000000000
2719 0.000000000
2720 0.000000000
2721 1.000000000
2722 0.000000000
2723 0.125000000
2724 0.267857143
2725 0.267857143
2726 3.809523810
2727 26.267857143
2728 0.267857143
2729 0.000000000
2730 60.000000000
2731 60.000000000
2732 0.000000000
2733 0.000000000
2734 0.000000000
2735 0.000000000
2736 0.000000000
2737 0.000000000
2738 0.000000000
2739 0.000000000
2740 0.000000000
2741 0.000000000
2742 0.000000000
2743 0.000000000
2744 0.000000000
2745 0.000000000
2746 0.000000000
2747 90.833333333
2748 0.000000000
2749 3.000000000
2750 0.000000000
2751 0.000000000
2752 0.000000000
2753 0.000000000
2754 0.000000000
2755 0.000000000
2756 2.000000000
2757 103.500000000
2758 0.000000000
2759 0.000000000
2760 0.000000000
2761 5.500000000
2762 51.500000000
2763 2.000000000
2764 0.000000000
2765 74.000000000
2766 3.500000000
2767 28.000000000
2768 0.000000000
2769 0.000000000
2770 0.500000000
2771 0.000000000
2772 0.000000000
2773 0.000000000
2774 3.125000000
2775 3.809523810
2776 0.000000000
2777 0.000000000
2778 0.000000000
2779 0.000000000
2780 0.000000000
2781 14.125000000
2782 9.833333333
2783 0.000000000
2784 32.000000000
2785 0.000000000
2786 25.000000000
2787 0.000000000
2788 0.000000000
2789 0.000000000
2790 8.000000000
2791 0.000000000
2792 0.000000000
2793 0.333333333
2794 3.000000000
2795 0.000000000
2796 0.000000000
2797 0.000000000
2798 0.500000000
2799 0.500000000
2800 0.000000000
2801 0.000000000
2802 0.000000000
2803 0.000000000
2804 0.000000000
2805 0.000000000
2806 0.666666667
2807 0.333333333
2808 0.333333333
2809 0.333333333
2810 0.333333333
2811 0.000000000
2812 0.000000000
2813 0.000000000
2814 0.333333333
2815 0.333333333
2816 0.333333333
2817 0.000000000
2818 0.000000000
2819 0.000000000
2820 0.000000000
2821 0.000000000
2822 0.000000000
2823 0.000000000
2824 1.333333333
2825 2.666666667
2826 0.333333333
2827 0.333333333
2828 0.000000000
2829 0.000000000
2830 0.000000000
2831 0.000000000
2832 0.000000000
2833 0.000000000
2834 0.000000000
2835 0.000000000
2836 0.000000000
2837 0.000000000
2838 0.000000000
2839 0.000000000
2840 0.000000000
2841 0.000000000
2842 0.000000000
2843 0.000000000
2844 0.000000000
2845 1.142857143
2846 1.142857143
2847 1.142857143
2848 1.142857143
2849 1.142857143
2850 5.460317460
2851 5.460317460
2852 1.253968254
2853 1.253968254
2854 0.000000000
2855 0.200000000
2856 302.866666667
2857 246347.866666666
2858 302.866666667
2859 0.000000000
2860 0.000000000
2861 0.000000000
2862 0.000000000
2863 0.000000000
2864 0.000000000
2865 0.000000000
2866 0.000000000
2867 0.000000000
2868 0.000000000
2869 0.000000000
2870 0.000000000
2871 0.000000000
2872 0.000000000
2873 0.000000000
2874 0.000000000
2875 0.000000000
2876 0.000000000
2877 0.666666667
2878 0.333333333
2879 0.333333333
2880 0.000000000
2881 0.000000000
2882 0.000000000
2883 0.333333333
2884 0.333333333
2885 0.333333333
2886 139.616680783
2887 139.616680783
2888 139.616680783
2889 0.000000000
2890 139.616680783
2891 139.616680783
2892 139.616680783
2893 139.616680783
2894 5596.027766604
2895 0.000000000
2896 0.000000000
2897 0.000000000
2898 0.000000000
2899 0.000000000
2900 0.000000000
2901 0.000000000
2902 0.000000000
2903 0.000000000
2904 0.000000000
2905 0.000000000
2906 0.000000000
2907 0.000000000
2908 0.000000000
2909 2560.000000000
2910 5252.144496704
2911 89.564590965
2912 0.000000000
2913 5392.487405878
2914 5392.487405878
2915 5392.487405878
2916 89.564590965
2917 3086.667002535
2918 227.000000000
2919 0.000000000
2920 0.000000000
2921 0.000000000
2922 0.000000000
2923 0.000000000
2924 0.000000000
2925 5427.869970725
2926 0.000000000
2927 0.000000000
2928 5483.326190400
2929 0.000000000
2930 0.000000000
2931 0.000000000
2932 5483.326190400
2933 510.183644157
2934 510.183644157
2935 510.183644157
2936 497.903066393
2937 497.903066393
2938 16.108847353
2939 422.150759678
2940 5483.326190400
2941 3.456847818
2942 0.000000000
2943 2996.340505058
2944 0.862162162
2945 14453.340505057
2946 0.100000000
2947 2996.340505058
2948 2996.340505058
2949 2560.000000000
2950 0.000000000
2951 0.000000000
2952 0.777875550
2953 0.000000000
2954 2929.166594948
2955 2929.166594948
2956 1.000000000
2957 1.000000000
2958 0.069767442
2959 0.069767442
2960 2974.653560732
2961 2974.653560732
2962 2963.835497836
2963 0.000000000
2964 0.000000000
2965 0.000000000
2966 0.000000000
2967 0.000000000
2968 0.000000000
2969 0.000000000
2970 0.000000000
2971 0.000000000
2972 0.000000000
2973 0.000000000
2974 0.000000000
2975 0.000000000
2976 0.000000000
2977 0.000000000
2978 0.000000000
2979 0.000000000
2980 0.000000000
2981 0.000000000
2982 0.000000000
2983 0.000000000
2984 0.000000000
2985 0.000000000
2986 1.000000000
2987 0.000000000
2988 0.000000000
2989 0.000000000
2990 0.000000000
2991 0.000000000
2992 0.000000000
2993 0.000000000
2994 0.000000000
2995 1.000000000
2996 0.047619048
2997 0.000000000
2998 1.000000000
2999 0.047619048
3000 0.047619048
3001 0.047619048
3002 0.047619048
3003 1.000000000
3004 0.000000000
3005 0.000000000
3006 0.000000000
3007 0.000000000
3008 0.000000000
3009 0.000000000
3010 0.000000000
3011 0.000000000
3012 0.000000000
3013 0.000000000
3014 0.000000000
3015 0.000000000
3016 0.000000000
3017 0.000000000
3018 0.000000000
3019 0.000000000
3021 4.500000000
3022 0.500000000
3023 0.500000000
3024 0.500000000
3027 0.000000000
3028 0.000000000
3032 0.000000000
3033 0.000000000
3035 13.500000000
3036 6.000000000
3037 6.000000000
3038 18.500000000
3039 0.000000000
3040 0.000000000
3041 0.000000000
3042 3.500000000
3043 1.000000000
3044 0.000000000
3045 1.000000000
3046 0.500000000
3047 0.000000000
3048 0.000000000
3050 0.000000000
3051 0.000000000
3052 0.000000000
3053 0.000000000
3054 0.000000000
3055 0.000000000
3056 0.000000000
3057 0.000000000
3058 0.000000000
3059 0.000000000
3060 0.000000000
3061 0.000000000
3062 0.000000000
3063 0.000000000
3064 0.000000000
3067 1.000000000
3068 0.000000000
3069 0.200000000
3070 4.000000000
3071 0.000000000
3072 0.000000000
3073 0.000000000
3074 0.000000000
3075 0.000000000
3076 0.000000000
3077 0.400000000
3078 0.000000000
3079 0.000000000
3080 3.000000000
3081 0.000000000
3082 3.000000000
3083 0.000000000
3084 0.000000000
3085 0.000000000
3086 0.000000000
3087 0.000000000
3088 0.000000000
3089 3.000000000
3090 0.000000000
3091 0.000000000
3092 0.000000000
3093 2.243686869
3094 2.243686869
3095 0.202020202
3096 2.152777778
3097 0.465909091
3098 2.152777778
3099 3.000000000
3100 0.000000000
3101 0.202020202
3102 0.465909091
3103 0.000000000
3104 0.000000000
3105 0.090909091
3106 0.090909091
3107 0.000000000
3108 0.000000000
3109 0.000000000
3110 0.000000000
3111 0.000000000
3112 0.000000000
3113 0.000000000
3114 0.000000000
3115 0.000000000
3116 0.000000000
3117 0.000000000
3118 0.000000000
3119 0.000000000
3120 0.000000000
3121 0.000000000
3122 16.500000000
3123 16.500000000
3124 16.500000000
3125 0.000000000
3126 0.000000000
3127 0.000000000
3128 0.000000000
3129 0.000000000
3130 0.000000000
3131 0.000000000
3132 0.000000000
3133 0.000000000
3134 0.000000000
3135 0.000000000
3136 0.000000000
3137 0.000000000
3138 0.000000000
3139 0.000000000
3140 0.000000000
3141 0.000000000
3142 0.000000000
3143 0.000000000
3144 0.000000000
3145 0.000000000
3146 0.000000000
3147 0.000000000
3148 0.000000000
3149 0.000000000
3150 640.000000000
3151 640.000000000
3152 0.000000000
3153 3837.000000000
3154 0.000000000
3155 0.000000000
3156 0.522588523
3157 0.094017094
3158 0.094017094
3159 0.094017094
3160 0.094017094
3161 0.202020202
3162 0.000000000
3163 2.666666667
3164 2.333333333
3165 0.333333333
3166 2.333333333
3167 0.000000000
3168 0.000000000
3169 0.000000000
3170 0.000000000
3171 0.000000000
3172 0.000000000
3173 0.000000000
3174 0.000000000
3175 0.000000000
3176 0.000000000
3177 0.666666667
3178 3.166666667
3179 0.666666667
3180 0.000000000
3181 0.000000000
3182 1.500000000
3183 0.000000000
3184 0.000000000
3185 0.000000000
3186 0.000000000
3187 0.000000000
3188 0.000000000
3189 0.000000000
3190 0.000000000
3191 0.000000000
3192 0.000000000
3193 0.000000000
3194 0.000000000
3195 0.000000000
3196 0.000000000
3197 0.000000000
3198 0.000000000
3199 0.000000000
3200 0.000000000
3201 0.000000000
3202 0.000000000
3203 0.000000000
3204 0.000000000
3205 0.000000000
3206 0.000000000
3207 0.000000000
3208 0.000000000
3209 0.000000000
3210 0.000000000
3211 0.000000000
3212 10.000000000
3213 0.000000000
3214 0.000000000
3215 0.000000000
3216 0.000000000
3217 0.000000000
3218 0.000000000
3219 0.000000000
3220 0.000000000
3221 0.000000000
3222 0.000000000
3223 0.000000000
3224 0.000000000
3225 0.000000000
3226 0.000000000
3227 0.000000000
3228 0.000000000
3229 0.000000000
3230 0.000000000
3231 0.500000000
3232 0.000000000
3233 0.000000000
3234 0.000000000
3235 218160.043478261
3236 3.000000000
3237 0.043478261
3238 0.043478261
3239 0.043478261
3240 0.043478261
3241 0.043478261
3242 0.000000000
3243 0.000000000
3244 1.877777778
3245 15.544444444
3246 1.877777778
3247 15.544444444
3248 15.544444444
3249 1.877777778
3250 1.877777778
3251 1.877777778
3252 1.877777778
3253 0.000000000
3254 0.000000000
3255 0.666666667
3256 0.333333333
3257 0.333333333
3258 0.250000000
3259 0.250000000
3260 0.000000000
3261 1.000000000
3262 0.000000000
3263 0.000000000
3264 0.100000000
3265 0.000000000
3266 0.000000000
3267 0.000000000
3268 0.000000000
3269 0.000000000
3270 0.000000000
3271 0.000000000
3272 7.000000000
3273 0.000000000
3274 0.000000000
3275 0.000000000
3276 0.000000000
3277 0.000000000
3278 0.000000000
3279 0.000000000
3280 0.000000000
3281 0.000000000
3282 0.000000000
3283 0.000000000
3284 0.000000000
3285 0.000000000
3286 12720.000000000
3287 0.000000000
3288 0.000000000
3289 0.000000000
3290 0.000000000
3291 0.000000000
3292 0.000000000
3293 0.000000000
3294 0.000000000
3295 0.000000000
3296 0.000000000
3297 0.000000000
3298 3837.500000000
3299 0.000000000
3300 0.000000000
3301 0.000000000
3302 0.539423077
3303 0.000000000
3304 13.500000000
3305 0.000000000
3306 0.000000000
3307 0.375000000
3308 0.375000000
3309 0.250000000
3310 0.375000000
3311 0.375000000
3312 0.250000000
3313 0.250000000
3314 0.000000000
3315 0.000000000
3316 0.000000000
3317 0.000000000
3318 0.000000000
3319 0.000000000
3320 0.000000000
3321 38768.927978644
3322 0.000000000
3323 0.000000000
3324 0.000000000
3325 0.000000000
3326 0.000000000
3327 0.000000000
3328 0.000000000
3329 0.000000000
3330 0.000000000
3331 0.000000000
3332 0.000000000
3333 0.000000000
3334 0.000000000
3335 0.000000000
3336 0.000000000
3337 0.000000000
3338 0.000000000
3339 0.000000000
3340 0.000000000
3341 0.000000000
3342 0.000000000
3343 0.000000000
3344 0.000000000
3345 0.000000000
3346 0.000000000
3347 0.000000000
3348 0.000000000
3349 0.000000000
3350 0.250000000
3351 0.250000000
3352 0.000000000
3353 0.000000000
3354 0.000000000
3355 0.000000000
3356 39.500000000
3357 0.083333333
3358 0.000000000
3359 0.000000000
3360 0.000000000
3361 0.000000000
3362 0.000000000
3363 0.000000000
3364 0.000000000
3365 0.000000000
3366 0.000000000
3367 0.000000000
3368 0.000000000
3369 0.000000000
3370 0.000000000
3371 0.000000000
3372 0.000000000
3373 0.000000000
3374 0.000000000
3375 0.000000000
3376 0.000000000
3377 0.083333333
3378 0.000000000
3379 0.000000000
3380 0.000000000
3381 0.000000000
3382 0.000000000
3383 0.000000000
3384 0.000000000
3385 0.000000000
3386 0.000000000
3387 0.000000000
3388 0.000000000
3389 0.000000000
3390 0.000000000
3391 0.000000000
3392 0.000000000
3393 0.000000000
3394 0.000000000
3395 0.000000000
3396 0.000000000
3397 0.000000000
3398 0.000000000
3399 0.000000000
3400 0.000000000
3401 0.250000000
3402 0.250000000
3403 0.250000000
3404 0.000000000
3405 0.000000000
3406 0.000000000
3407 0.000000000
3408 0.000000000
3409 0.000000000
3410 0.000000000
3411 0.000000000
3412 0.000000000
3413 1.000000000
3414 0.000000000
3415 0.000000000
3416 0.000000000
3417 0.000000000
3418 0.000000000
3419 0.000000000
3420 0.000000000
3421 0.000000000
3422 0.000000000
3423 0.000000000
3424 0.000000000
3425 0.000000000
3426 0.000000000
3427 0.000000000
3428 0.000000000
3429 0.000000000
3430 0.000000000
3431 0.000000000
3432 0.000000000
3433 0.000000000
3434 0.000000000
3435 0.000000000
3436 0.000000000
3437 0.000000000
3438 0.000000000
3439 0.000000000
3440 0.000000000
3441 0.000000000
3442 0.000000000
3443 0.000000000
3444 0.500000000
3445 0.000000000
3446 0.000000000
3447 1.000000000
3448 0.000000000
3449 0.000000000
3450 0.000000000
3451 0.000000000
3452 0.000000000
3453 0.000000000
3454 0.000000000
3455 0.000000000
3456 0.000000000
3457 0.000000000
3458 4.000000000
3459 3837.000000000
3460 4.000000000
3461 4.000000000
3462 4.000000000
3463 0.000000000
3464 0.000000000
3465 0.000000000
3466 0.000000000
3467 0.000000000
3468 0.000000000
3469 640.000000000
3470 640.000000000
3471 0.000000000
3472 0.000000000
3473 0.000000000
3474 0.000000000
3475 0.000000000
3476 0.000000000
3477 0.000000000
3478 0.000000000
3479 0.000000000
3480 1.000000000
3481 1.000000000
3482 1.000000000
3483 0.000000000
3484 0.000000000
3485 0.000000000
3486 0.000000000
3487 0.000000000
3488 0.000000000
3489 0.000000000
3490 0.000000000
3491 0.000000000
3492 31.750000000
3493 0.000000000
3494 0.000000000
3495 0.000000000
3496 0.000000000
3497 0.500000000
3498 0.000000000
3499 0.000000000
3500 0.000000000
3501 0.250000000
3502 0.000000000
3503 0.250000000
3504 0.250000000
3505 0.000000000
3506 0.043478261
3507 0.043478261
3508 0.043478261
3509 0.043478261
3510 0.043478261
3511 0.000000000
3512 0.043478261
3513 0.043478261
3514 0.043478261
3515 0.043478261
3516 0.043478261
3517 0.043478261
3518 0.043478261
3519 0.000000000
3520 0.000000000
3521 0.000000000
3522 0.000000000
3523 0.000000000
3524 0.000000000
3525 0.043478261
3526 0.043478261
3527 0.000000000
3528 0.000000000
3529 0.000000000
3530 0.000000000
3531 0.000000000
3532 0.000000000
3533 0.000000000
3534 0.000000000
3535 0.000000000
3536 0.000000000
3537 0.000000000
3538 0.666666667
3539 0.000000000
3540 0.666666667
3541 0.000000000
3542 0.000000000
3543 0.000000000
3544 0.000000000
3545 0.000000000
3546 0.000000000
3547 0.333333333
3548 0.000000000
3549 0.000000000
3550 0.000000000
3551 0.000000000
3552 0.000000000
3553 0.000000000
3554 0.000000000
3555 0.000000000
3556 0.000000000
3557 0.000000000
3558 0.000000000
3559 0.000000000
3560 0.000000000
3561 0.000000000
3562 0.000000000
3563 0.000000000
3564 0.000000000
3565 0.333333333
3566 0.000000000
3567 0.000000000
3568 0.000000000
3569 3.000000000
3570 3.000000000
3571 3.000000000
3572 3.000000000
3573 3.000000000
3574 3.000000000
3575 3.000000000
3576 3.000000000
3577 0.000000000
3578 0.000000000
3579 0.000000000
3580 0.000000000
3581 0.000000000
3582 2.500000000
3583 2.500000000
3584 0.000000000
3585 0.000000000
3586 0.000000000
3587 0.000000000
3588 0.200000000
3589 2.000000000
3590 0.200000000
3591 0.200000000
3592 0.000000000
3593 0.000000000
3594 0.000000000
3595 0.000000000
3596 0.000000000
3597 0.000000000
3598 0.000000000
3599 0.000000000
3600 0.000000000
3601 0.000000000
3602 0.000000000
3603 0.000000000
3604 3.000000000
3606 2560.000000000
3607 1281.000000000
3608 0.000000000
3609 0.000000000
3610 0.000000000
3611 0.000000000
3612 0.000000000
3614 0.000000000
3615 0.000000000
3618 0.000000000
3619 0.500000000
3620 0.000000000
3621 0.000000000
3622 0.000000000
3626 2.783333333
3628 0.000000000
3629 0.000000000
3630 0.000000000
3631 0.500000000
3632 0.333333333
3633 1.500000000
3634 1.500000000
3635 0.333333333
3636 0.333333333
3637 0.000000000
3638 0.000000000
3639 0.000000000
3640 0.000000000
3641 0.000000000
3642 0.000000000
3643 0.000000000
3644 0.000000000
3645 0.000000000
3646 0.000000000
3647 0.000000000
3648 0.000000000
3649 0.000000000
3650 0.000000000
3651 0.000000000
3652 0.000000000
3653 0.000000000
3654 0.000000000
3655 0.000000000
3656 0.000000000
3657 0.000000000
3658 0.000000000
3659 0.000000000
3660 0.000000000
3661 0.000000000
3662 0.000000000
3663 0.000000000
3664 1.000000000
3665 0.000000000
3666 0.333333333
3667 0.333333333
3668 0.000000000
3669 0.000000000
3670 0.000000000
3671 0.000000000
3672 0.000000000
3673 0.000000000
3674 0.000000000
3675 0.000000000
3676 0.000000000
3677 0.000000000
3678 0.000000000
3679 0.000000000
3680 0.000000000
3681 0.000000000
3682 0.000000000
3683 0.000000000
3684 0.000000000
3685 0.000000000
3686 0.000000000
3687 0.000000000
3688 1.000000000
3689 0.000000000
3690 0.000000000
3691 0.000000000
3692 0.000000000
