523222 0.085755200

0 5.000000000
1 4.000000000
2 3.000000000
3 3.000000000
4 26.000000000
5 5.000000000
6 3.000000000
7 2.000000000
8 2.000000000
9 1.000000000
10 18.000000000
11 54.000000000
12 30.000000000
13 4.000000000
14 4.000000000
15 1.000000000
16 1.000000000
17 2.000000000
18 1.000000000
19 3.000000000
20 1.000000000
21 10.000000000
22 9.000000000
23 9.000000000
24 2.000000000
25 1.000000000
26 2.000000000
27 2.000000000
28 1.000000000
29 1.000000000
30 2.000000000
31 1.000000000
32 1.000000000
33 1.000000000
34 2.000000000
35 3.000000000
36 3.000000000
37 8.000000000
38 1.000000000
39 1.000000000
40 1.000000000
41 1.000000000
42 4.000000000
43 4.000000000
44 8.000000000
45 6.000000000
46 1.000000000
47 1.000000000
48 1.000000000
49 18.000000000
50 2.000000000
51 4.000000000
52 4.000000000
53 2.000000000
54 2.000000000
55 2.000000000
56 2.000000000
57 2.000000000
58 1.000000000
59 1.000000000
60 1.000000000
61 2.000000000
62 1.000000000
63 7.000000000
64 7.000000000
65 1.000000000
66 1.000000000
67 1.000000000
68 1.000000000
69 4.000000000
70 1.000000000
71 3.000000000
72 1.000000000
73 1.000000000
74 1.000000000
75 1.000000000
76 17.000000000
77 5.000000000
78 5.000000000
79 1.000000000
80 1.000000000
81 1.000000000
82 1.000000000
83 2.000000000
84 1.000000000
85 1.000000000
86 1.000000000
87 1.000000000
88 4.000000000
89 2.000000000
90 10.000000000
91 5.000000000
92 3.000000000
93 8.000000000
94 4.000000000
95 2.000000000
96 3.000000000
97 6.000000000
98 1.000000000
99 3.000000000
100 1.000000000
101 1.000000000
102 4.000000000
103 1.000000000
104 4.000000000
105 5.000000000
106 2.000000000
107 1.000000000
108 3.000000000
109 2.000000000
110 2.000000000
111 2.000000000
112 1.000000000
113 2.000000000
114 2.000000000
115 1.000000000
116 2.000000000
117 1.000000000
118 1.000000000
119 1.000000000
120 1.000000000
121 1.000000000
122 1.000000000
123 5.000000000
124 1.000000000
125 1.000000000
126 1.000000000
127 5.000000000
128 2.000000000
129 1.000000000
130 1.000000000
131 2.000000000
132 6.000000000
133 1.000000000
134 1.000000000
135 41.000000000
136 3.000000000
137 1.000000000
138 1.000000000
139 2.000000000
140 3.000000000
141 3.000000000
142 2.000000000
143 1.000000000
144 1.000000000
145 1.000000000
146 1.000000000
147 1.000000000
148 1.000000000
149 1.000000000
150 1.000000000
151 1.000000000
152 1.000000000
153 1.000000000
154 1.000000000
155 1.000000000
156 1.000000000
157 1.000000000
158 1.000000000
159 1.000000000
160 4.000000000
161 1.000000000
162 1.000000000
163 1.000000000
164 4.000000000
165 2.000000000
166 4.000000000
167 2.000000000
168 2.000000000
169 2.000000000
170 1.000000000
171 1.000000000
172 1.000000000
173 1.000000000
174 1.000000000
175 1.000000000
176 2.000000000
177 27.000000000
178 14.000000000
179 2.000000000
180 1.000000000
181 1.000000000
182 1.000000000
183 1.000000000
184 1.000000000
185 5.000000000
186 2.000000000
187 3.000000000
188 1.000000000
189 1.000000000
190 3.000000000
191 1.000000000
192 1.000000000
193 2.000000000
194 2.000000000
195 1.000000000
196 1.000000000
197 1.000000000
198 4.000000000
199 4.000000000
200 1.000000000
201 4.000000000
202 4.000000000
203 1.000000000
204 1.000000000
205 1.000000000
206 7.000000000
207 1.000000000
208 2.000000000
209 1.000000000
210 4.000000000
211 1.000000000
212 2.000000000
213 2.000000000
214 1.000000000
215 1.000000000
216 1.000000000
217 1.000000000
218 1.000000000
219 1.000000000
220 1.000000000
221 1.000000000
222 1.000000000
223 1.000000000
224 1.000000000
225 1.000000000
226 2.000000000
227 3.000000000
228 3.000000000
229 5.000000000
230 5.000000000
231 5.000000000
232 5.000000000
233 5.000000000
234 5.000000000
235 5.000000000
236 5.000000000
237 2.000000000
238 5.000000000
239 170.000000000
240 20.000000000
241 1.000000000
242 1.000000000
243 7.000000000
244 10.000000000
245 1.000000000
246 3.000000000
247 1.000000000
248 4.000000000
249 1.000000000
250 2.000000000
251 3.000000000
252 2.000000000
253 2.000000000
254 1.000000000
255 2.000000000
256 1.000000000
257 1.000000000
258 1.000000000
259 2.000000000
260 11.000000000
261 3.000000000
262 5.000000000
263 2.000000000
264 2.000000000
265 2.000000000
266 2.000000000
267 1.000000000
268 2.000000000
269 1.000000000
270 2.000000000
271 1.000000000
272 1.000000000
273 3.000000000
274 1.000000000
275 4.000000000
276 1.000000000
277 2.000000000
278 1.000000000
279 1.000000000
280 5.000000000
281 1.000000000
282 7.000000000
283 4.000000000
284 1.000000000
285 1.000000000
286 3.000000000
287 2.000000000
288 12.000000000
289 3.000000000
290 2.000000000
291 3.000000000
292 3.000000000
293 1.000000000
294 1.000000000
295 1.000000000
296 1.000000000
297 1.000000000
298 1.000000000
299 6.000000000
300 1.000000000
301 1.000000000
302 1.000000000
303 3.000000000
304 1.000000000
305 1.000000000
306 1.000000000
307 1.000000000
308 1.000000000
309 1.000000000
310 1.000000000
311 1.000000000
312 1.000000000
313 1.000000000
314 1.000000000
315 2.000000000
316 1.000000000
317 1.000000000
318 12.000000000
319 16.000000000
320 1.000000000
321 1.000000000
322 1.000000000
323 1.000000000
324 25.000000000
325 1.000000000
326 1.000000000
327 3.000000000
328 1.000000000
329 1.000000000
330 1.000000000
331 1.000000000
332 2.000000000
333 1.000000000
334 1.000000000
335 1.000000000
336 1.000000000
337 1.000000000
338 1.000000000
339 1.000000000
340 1.000000000
341 1.000000000
342 1.000000000
343 1.000000000
344 1.000000000
345 1.000000000
346 1.000000000
347 1.000000000
348 1.000000000
349 1.000000000
350 1.000000000
351 1.000000000
352 1.000000000
353 1.000000000
354 1.000000000
355 1.000000000
356 1.000000000
357 1.000000000
358 1.000000000
359 1.000000000
360 1.000000000
361 1.000000000
362 1.000000000
363 1.000000000
364 1.000000000
365 1.000000000
366 1.000000000
367 1.000000000
368 1.000000000
369 1.000000000
370 1.000000000
371 1.000000000
372 1.000000000
373 1.000000000
374 1.000000000
375 2.000000000
376 2.000000000
377 2.000000000
378 1.000000000
379 2.000000000
380 2.000000000
381 2.000000000
382 1.000000000
383 4.000000000
384 1.000000000
385 1.000000000
386 1.000000000
387 1.000000000
388 2.000000000
389 2.000000000
390 3.000000000
391 1.000000000
392 20.000000000
393 3.000000000
394 2.000000000
395 1.000000000
396 1.000000000
397 1.000000000
398 1.000000000
399 4.000000000
400 1.000000000
401 1.000000000
402 1.000000000
403 1.000000000
404 2.000000000
405 3.000000000
406 4.000000000
407 1.000000000
408 6.000000000
409 6.000000000
410 4.000000000
411 1.000000000
412 1.000000000
413 2.000000000
414 2.000000000
415 2.000000000
416 2.000000000
417 9.000000000
418 6.000000000
419 7.000000000
420 1.000000000
421 20.000000000
422 3.000000000
423 1.000000000
424 3.000000000
425 2.000000000
426 4.000000000
427 4.000000000
428 4.000000000
429 4.000000000
430 4.000000000
431 4.000000000
432 4.000000000
433 2.000000000
434 4.000000000
435 2.000000000
436 2.000000000
437 2.000000000
438 2.000000000
439 3.000000000
440 2.000000000
441 6.000000000
442 2.000000000
443 13.000000000
444 3.000000000
445 2.000000000
446 2.000000000
447 9.000000000
448 2.000000000
449 4.000000000
450 2.000000000
451 3.000000000
452 2.000000000
453 2.000000000
454 2.000000000
455 3.000000000
456 1.000000000
457 1.000000000
458 1.000000000
459 1.000000000
460 2.000000000
461 2.000000000
462 15.000000000
463 4.000000000
464 2.000000000
465 2.000000000
466 2.000000000
467 1.000000000
468 1.000000000
469 1.000000000
470 1.000000000
471 1.000000000
472 1.000000000
473 1.000000000
474 1.000000000
475 1.000000000
476 1.000000000
477 1.000000000
478 1.000000000
479 1.000000000
480 1.000000000
481 2.000000000
482 5.000000000
483 9.000000000
484 1.000000000
485 2.000000000
486 1.000000000
487 2.000000000
488 1.000000000
489 1.000000000
490 1.000000000
491 1.000000000
492 1.000000000
493 2.000000000
494 1.000000000
495 21.000000000
496 1.000000000
497 1.000000000
498 1.000000000
499 1.000000000
500 1.000000000
501 1.000000000
502 1.000000000
503 1.000000000
504 1.000000000
505 1.000000000
506 7.000000000
507 7.000000000
508 1.000000000
509 3.000000000
510 2.000000000
511 2.000000000
512 9.000000000
513 1.000000000
514 1.000000000
515 3.000000000
516 1.000000000
517 1.000000000
518 2.000000000
519 1.000000000
520 1.000000000
521 4.000000000
522 4.000000000
523 4.000000000
524 4.000000000
525 2.000000000
526 4.000000000
527 2.000000000
528 4.000000000
529 4.000000000
530 2.000000000
531 2.000000000
532 2.000000000
533 11.000000000
534 2.000000000
535 2.000000000
536 2.000000000
537 11.000000000
538 2.000000000
539 1.000000000
540 1.000000000
541 1.000000000
542 1.000000000
543 1.000000000
544 1.000000000
545 3.000000000
546 3.000000000
547 1.000000000
548 1.000000000
549 1.000000000
550 1.000000000
551 3.000000000
552 2.000000000
553 2.000000000
554 2.000000000
555 3.000000000
556 2.000000000
557 3.000000000
558 4.000000000
559 6.000000000
560 4.000000000
561 3.000000000
562 6.000000000
563 3.000000000
564 3.000000000
565 3.000000000
566 6.000000000
567 6.000000000
568 3.000000000
569 3.000000000
570 5.000000000
571 3.000000000
572 5.000000000
573 2.000000000
574 2.000000000
575 7.000000000
576 3.000000000
577 2.000000000
578 6.000000000
579 2.000000000
580 2.000000000
581 2.000000000
582 2.000000000
583 2.000000000
584 1.000000000
585 2.000000000
586 18.000000000
587 1.000000000
588 2.000000000
589 1.000000000
590 2.000000000
591 1.000000000
592 1.000000000
593 1.000000000
594 1.000000000
595 2.000000000
596 1.000000000
597 1.000000000
598 1.000000000
599 2.000000000
600 1.000000000
601 2.000000000
602 1.000000000
603 1.000000000
604 1.000000000
605 1.000000000
606 1.000000000
607 1.000000000
608 1.000000000
609 1.000000000
610 1.000000000
611 4.000000000
612 1.000000000
613 4.000000000
614 1.000000000
615 1.000000000
616 1.000000000
617 1.000000000
618 1.000000000
619 1.000000000
620 2.000000000
621 1.000000000
622 1.000000000
623 2.000000000
624 2.000000000
625 1.000000000
626 1.000000000
627 2.000000000
628 1.000000000
629 1.000000000
630 42.000000000
631 1.000000000
632 1.000000000
633 1.000000000
634 1.000000000
635 1.000000000
636 1.000000000
637 1.000000000
638 2.000000000
639 1.000000000
640 1.000000000
641 1.000000000
642 2.000000000
643 2.000000000
644 1.000000000
645 1.000000000
646 1.000000000
647 1.000000000
648 1.000000000
649 1.000000000
650 3.000000000
651 3.000000000
652 3.000000000
653 2.000000000
654 2.000000000
655 1.000000000
656 2.000000000
657 2.000000000
658 2.000000000
659 2.000000000
660 4.000000000
661 2.000000000
662 2.000000000
663 2.000000000
664 4.000000000
665 4.000000000
666 6.000000000
667 1.000000000
668 1.000000000
669 3.000000000
670 3.000000000
671 3.000000000
672 3.000000000
673 1.000000000
674 3.000000000
675 1.000000000
676 1.000000000
677 8.000000000
678 1.000000000
679 1.000000000
680 1.000000000
681 1.000000000
682 4.000000000
683 4.000000000
684 1.000000000
685 1.000000000
686 1.000000000
687 2.000000000
688 1.000000000
689 3.000000000
690 1.000000000
691 1.000000000
692 1.000000000
693 1.000000000
694 2.000000000
695 1.000000000
696 1.000000000
697 1.000000000
698 1.000000000
699 1.000000000
700 1.000000000
701 1.000000000
702 1.000000000
703 1.000000000
704 1.000000000
705 11.000000000
706 1.000000000
707 1.000000000
708 1.000000000
709 1.000000000
710 2.000000000
711 1.000000000
712 1.000000000
713 1.000000000
714 1.000000000
715 2.000000000
716 1.000000000
717 2.000000000
718 10.000000000
719 10.000000000
720 10.000000000
721 5.000000000
722 15.000000000
723 18.000000000
724 31.000000000
725 24.000000000
726 30.000000000
727 35.000000000
728 22.000000000
729 31.000000000
730 35.000000000
731 2.000000000
732 2.000000000
733 2.000000000
734 2.000000000
735 5.000000000
736 12.000000000
737 21.000000000
738 9.000000000
739 7.000000000
740 9.000000000
741 1.000000000
742 9.000000000
743 21.000000000
744 2.000000000
745 2.000000000
746 2.000000000
747 4.000000000
748 14.000000000
749 1.000000000
750 3.000000000
751 1.000000000
752 1.000000000
753 1.000000000
754 1.000000000
755 1.000000000
756 1.000000000
757 2.000000000
758 1.000000000
759 1.000000000
760 1.000000000
761 1.000000000
762 1.000000000
763 1.000000000
764 1.000000000
765 1.000000000
766 1.000000000
767 1.000000000
768 1.000000000
769 1.000000000
770 1.000000000
771 3.000000000
772 1.000000000
773 1.000000000
774 1.000000000
775 1.000000000
776 1.000000000
777 1.000000000
778 1.000000000
779 1.000000000
780 1.000000000
781 1.000000000
782 1.000000000
783 1.000000000
784 1.000000000
785 1.000000000
786 1.000000000
787 1.000000000
788 1.000000000
789 1.000000000
790 1.000000000
791 1.000000000
792 1.000000000
793 1.000000000
794 2.000000000
795 1.000000000
796 1.000000000
797 1.000000000
798 1.000000000
799 1.000000000
800 5.000000000
801 1.000000000
802 5.000000000
803 8.000000000
804 8.000000000
805 4.000000000
806 2.000000000
807 1.000000000
808 1.000000000
809 1.000000000
810 1.000000000
811 1.000000000
812 4.000000000
813 2.000000000
814 2.000000000
815 4.000000000
816 2.000000000
817 4.000000000
818 2.000000000
819 2.000000000
820 2.000000000
821 2.000000000
822 1.000000000
823 1.000000000
824 1.000000000
825 1.000000000
826 1.000000000
827 1.000000000
828 2.000000000
829 1.000000000
830 3.000000000
831 1.000000000
832 1.000000000
833 3.000000000
834 1.000000000
835 1.000000000
836 1.000000000
837 1.000000000
838 1.000000000
839 1.000000000
840 1.000000000
841 1.000000000
842 2.000000000
843 1.000000000
844 1.000000000
845 1.000000000
846 1.000000000
847 1.000000000
848 1.000000000
849 1.000000000
850 1.000000000
851 1.000000000
852 1.000000000
853 1.000000000
854 1.000000000
855 1.000000000
856 1.000000000
857 1.000000000
858 1.000000000
859 1.000000000
860 1.000000000
861 2.000000000
862 1.000000000
863 1.000000000
864 3.000000000
865 1.000000000
866 1.000000000
867 1.000000000
868 1.000000000
869 1.000000000
870 1.000000000
871 1.000000000
872 1.000000000
873 1.000000000
874 1.000000000
875 1.000000000
876 1.000000000
877 1.000000000
878 1.000000000
879 2.000000000
880 1.000000000
881 1.000000000
882 1.000000000
883 1.000000000
884 1.000000000
885 1.000000000
886 1.000000000
887 2.000000000
888 2.000000000
889 2.000000000
890 1.000000000
891 2.000000000
892 2.000000000
893 2.000000000
894 2.000000000
895 1.000000000
896 1.000000000
897 1.000000000
898 1.000000000
899 1.000000000
900 1.000000000
901 1.000000000
902 1.000000000
903 1.000000000
904 1.000000000
905 1.000000000
906 1.000000000
907 1.000000000
908 1.000000000
909 1.000000000
910 1.000000000
911 1.000000000
912 1.000000000
913 1.000000000
914 1.000000000
915 1.000000000
916 1.000000000
917 1.000000000
918 1.000000000
919 1.000000000
920 1.000000000
921 1.000000000
922 1.000000000
923 8.000000000
924 12.000000000
925 16.000000000
926 8.000000000
927 16.000000000
928 16.000000000
929 2.000000000
930 2.000000000
931 2.000000000
932 1.000000000
933 1.000000000
934 1.000000000
935 1.000000000
936 1.000000000
937 1.000000000
938 1.000000000
939 1.000000000
940 1.000000000
941 1.000000000
942 4.000000000
943 2.000000000
944 4.000000000
945 3.000000000
946 1.000000000
947 1.000000000
948 1.000000000
949 2.000000000
950 4.000000000
951 2.000000000
952 2.000000000
953 2.000000000
954 2.000000000
955 2.000000000
956 1.000000000
957 2.000000000
958 1.000000000
959 1.000000000
960 1.000000000
961 2.000000000
962 1.000000000
963 1.000000000
964 1.000000000
965 4.000000000
966 4.000000000
967 1.000000000
968 1.000000000
969 1.000000000
970 1.000000000
971 1.000000000
972 2.000000000
973 2.000000000
974 1.000000000
975 1.000000000
976 1.000000000
977 1.000000000
978 3.000000000
979 1.000000000
980 1.000000000
981 1.000000000
982 1.000000000
983 1.000000000
984 1.000000000
985 1.000000000
986 1.000000000
987 1.000000000
988 1.000000000
989 1.000000000
990 1.000000000
991 1.000000000
992 1.000000000
993 1.000000000
994 1.000000000
995 1.000000000
996 1.000000000
997 7.000000000
998 11.000000000
999 2.000000000
1000 3.000000000
1001 8.000000000
1002 2.000000000
1003 3.000000000
1004 3.000000000
1005 3.000000000
1006 4.000000000
1007 3.000000000
1008 1.000000000
1009 2.000000000
1010 2.000000000
1011 2.000000000
1012 1.000000000
1013 1.000000000
1014 1.000000000
1015 1.000000000
1016 1.000000000
1017 1.000000000
1018 1.000000000
1019 1.000000000
1020 1.000000000
1021 1.000000000
1022 1.000000000
1023 1.000000000
1024 1.000000000
1025 1.000000000
1026 1.000000000
1027 1.000000000
1028 1.000000000
1029 1.000000000
1030 1.000000000
1031 1.000000000
1032 1.000000000
1033 1.000000000
1034 1.000000000
1035 1.000000000
1036 1.000000000
1037 1.000000000
1038 1.000000000
1039 1.000000000
1040 1.000000000
1041 1.000000000
1042 1.000000000
1043 1.000000000
1044 1.000000000
1045 1.000000000
1046 1.000000000
1047 1.000000000
1048 1.000000000
1049 1.000000000
1050 1.000000000
1051 1.000000000
1052 1.000000000
1053 1.000000000
1054 1.000000000
1055 1.000000000
1056 1.000000000
1057 1.000000000
1058 1.000000000
1059 1.000000000
1060 1.000000000
1061 1.000000000
1062 1.000000000
1063 1.000000000
1064 1.000000000
1065 1.000000000
1066 1.000000000
1067 1.000000000
1068 1.000000000
1069 1.000000000
1070 1.000000000
1071 1.000000000
1072 1.000000000
1073 1.000000000
1074 1.000000000
1075 1.000000000
1076 1.000000000
1077 1.000000000
1078 1.000000000
1079 1.000000000
1080 1.000000000
1081 1.000000000
1082 1.000000000
1083 1.000000000
1084 1.000000000
1085 1.000000000
1086 1.000000000
1087 1.000000000
1088 1.000000000
1089 1.000000000
1090 1.000000000
1091 1.000000000
1092 1.000000000
1093 1.000000000
1094 1.000000000
1095 1.000000000
1096 1.000000000
1097 1.000000000
1098 1.000000000
1099 1.000000000
1100 1.000000000
1101 1.000000000
1102 1.000000000
1103 1.000000000
1104 1.000000000
1105 1.000000000
1106 1.000000000
1107 1.000000000
1108 1.000000000
1109 1.000000000
1110 1.000000000
1111 1.000000000
1112 2.000000000
1113 1.000000000
1114 6.000000000
1115 3.000000000
1116 2.000000000
1117 1.000000000
1118 1.000000000
1119 4.000000000
1120 6.000000000
1121 6.000000000
1122 5.000000000
1123 2.000000000
1124 2.000000000
1125 2.000000000
1126 2.000000000
1127 1.000000000
1128 1.000000000
1129 1.000000000
1130 1.000000000
1131 1.000000000
1132 1.000000000
1133 1.000000000
1134 1.000000000
1135 1.000000000
1136 1.000000000
1137 1.000000000
1138 1.000000000
1139 2.000000000
1140 1.000000000
1141 1.000000000
1142 1.000000000
1143 1.000000000
1144 1.000000000
1145 1.000000000
1146 1.000000000
1147 2.000000000
1148 1.000000000
1149 1.000000000
1150 1.000000000
1151 1.000000000
1152 1.000000000
1153 1.000000000
1154 1.000000000
1155 1.000000000
1156 5.000000000
1157 7.000000000
1158 1.000000000
1159 9.000000000
1160 1.000000000
1161 1.000000000
1162 1.000000000
1163 1.000000000
1164 1.000000000
1165 1.000000000
1166 1.000000000
1167 1.000000000
1168 1.000000000
1169 1.000000000
1170 7.000000000
1171 1.000000000
1172 1.000000000
1173 6.000000000
1174 1.000000000
1175 2.000000000
1176 1.000000000
1177 1.000000000
1178 1.000000000
1179 12.000000000
1180 1.000000000
1181 3.000000000
1182 5.000000000
1183 1.000000000
1184 2.000000000
1185 1.000000000
1186 1.000000000
1187 1.000000000
1188 1.000000000
1189 1.000000000
1190 1.000000000
1191 4.000000000
1192 6.000000000
1193 6.000000000
1194 14.000000000
1195 11.000000000
1196 1.000000000
1197 1.000000000
1198 14.000000000
1199 14.000000000
1200 11.000000000
1201 5.000000000
1202 4.000000000
1203 5.000000000
1204 4.000000000
1205 2.000000000
1206 4.000000000
1207 1.000000000
1208 2.000000000
1209 2.000000000
1210 2.000000000
1211 2.000000000
1212 2.000000000
1213 2.000000000
1214 2.000000000
1215 2.000000000
1216 1.000000000
1217 6.000000000
1218 6.000000000
1219 6.000000000
1220 4.000000000
1221 1.000000000
1222 1.000000000
1223 3.000000000
1224 1.000000000
1225 1.000000000
1226 2.000000000
1227 2.000000000
1228 1.000000000
1229 1.000000000
1230 1.000000000
1231 1.000000000
1232 1.000000000
1233 1.000000000
1234 1.000000000
1235 1.000000000
1236 2.000000000
1237 1.000000000
1238 4.000000000
1239 1.000000000
1240 1.000000000
1241 1.000000000
1242 1.000000000
1243 2.000000000
1244 4.000000000
1245 4.000000000
1246 4.000000000
1247 1.000000000
1248 1.000000000
1249 2.000000000
1250 5.000000000
1251 3.000000000
1252 5.000000000
1253 4.000000000
1254 3.000000000
1255 3.000000000
1256 5.000000000
1257 2.000000000
1258 1.000000000
1259 1.000000000
1260 3.000000000
1261 2.000000000
1262 1.000000000
1263 5.000000000
1264 1.000000000
1265 2.000000000
1266 2.000000000
1267 1.000000000
1268 2.000000000
1269 2.000000000
1270 2.000000000
1271 2.000000000
1272 2.000000000
1273 5.000000000
1274 5.000000000
1275 5.000000000
1276 13.000000000
1277 5.000000000
1278 5.000000000
1279 14.000000000
1280 14.000000000
1281 14.000000000
1282 14.000000000
1283 14.000000000
1284 14.000000000
1285 14.000000000
1286 12.000000000
1287 12.000000000
1288 5.000000000
1289 5.000000000
1290 5.000000000
1291 14.000000000
1292 14.000000000
1293 5.000000000
1294 5.000000000
1295 7.000000000
1296 14.000000000
1297 5.000000000
1298 5.000000000
1299 5.000000000
1300 5.000000000
1301 5.000000000
1302 5.000000000
1303 12.000000000
1304 5.000000000
1305 5.000000000
1306 4.000000000
1307 2.000000000
1308 1.000000000
1309 2.000000000
1310 1.000000000
1311 1.000000000
1312 2.000000000
1313 2.000000000
1314 4.000000000
1315 1.000000000
1316 1.000000000
1317 1.000000000
1318 1.000000000
1319 1.000000000
1320 1.000000000
1321 1.000000000
1322 1.000000000
1323 1.000000000
1324 1.000000000
1325 1.000000000
1326 1.000000000
1327 1.000000000
1328 1.000000000
1329 1.000000000
1330 1.000000000
1331 1.000000000
1332 1.000000000
1333 22.000000000
1334 22.000000000
1335 22.000000000
1336 22.000000000
1337 21.000000000
1338 21.000000000
1339 22.000000000
1340 1.000000000
1341 1.000000000
1342 1.000000000
1343 1.000000000
1344 1.000000000
1345 1.000000000
1346 1.000000000
1347 1.000000000
1348 1.000000000
1349 1.000000000
1350 1.000000000
1351 1.000000000
1352 1.000000000
1353 1.000000000
1354 3.000000000
1355 1.000000000
1356 5.000000000
1357 3.000000000
1358 2.000000000
1359 2.000000000
1360 2.000000000
1361 1.000000000
1362 1.000000000
1363 1.000000000
1364 1.000000000
1365 1.000000000
1366 2.000000000
1367 1.000000000
1368 1.000000000
1369 1.000000000
1370 1.000000000
1371 1.000000000
1372 1.000000000
1373 1.000000000
1374 1.000000000
1375 1.000000000
1376 1.000000000
1377 1.000000000
1378 1.000000000
1379 1.000000000
1380 1.000000000
1381 1.000000000
1382 1.000000000
1383 1.000000000
1384 1.000000000
1385 1.000000000
1386 1.000000000
1387 1.000000000
1388 1.000000000
1389 1.000000000
1390 1.000000000
1391 1.000000000
1392 1.000000000
1393 1.000000000
1394 1.000000000
1395 1.000000000
1396 1.000000000
1397 1.000000000
1398 1.000000000
1399 3.000000000
1400 1.000000000
1401 1.000000000
1402 1.000000000
1403 1.000000000
1404 3.000000000
1405 1.000000000
1406 2.000000000
1407 2.000000000
1408 2.000000000
1409 2.000000000
1410 2.000000000
1411 2.000000000
1412 2.000000000
1413 1.000000000
1414 2.000000000
1415 2.000000000
1416 2.000000000
1417 2.000000000
1418 1.000000000
1419 1.000000000
1420 2.000000000
1421 1.000000000
1422 1.000000000
1423 1.000000000
1424 1.000000000
1425 1.000000000
1426 1.000000000
1427 1.000000000
1428 1.000000000
1429 1.000000000
1430 1.000000000
1431 1.000000000
1432 1.000000000
1433 1.000000000
1434 1.000000000
1435 1.000000000
1436 1.000000000
1437 1.000000000
1438 1.000000000
1439 3.000000000
1440 1.000000000
1441 2.000000000
1442 1.000000000
1443 3.000000000
1444 1.000000000
1445 1.000000000
1446 1.000000000
1447 6.000000000
1448 1.000000000
1449 1.000000000
1450 1.000000000
1451 1.000000000
1452 2.000000000
1453 2.000000000
1454 2.000000000
1455 1.000000000
1456 2.000000000
1457 1.000000000
1458 1.000000000
1459 1.000000000
1460 1.000000000
1461 1.000000000
1462 1.000000000
1463 1.000000000
1464 1.000000000
1465 1.000000000
1466 1.000000000
1467 1.000000000
1468 1.000000000
1469 1.000000000
1470 1.000000000
1471 1.000000000
1472 1.000000000
1473 1.000000000
1474 1.000000000
1475 1.000000000
1476 1.000000000
1477 1.000000000
1478 1.000000000
1479 1.000000000
1480 1.000000000
1481 2.000000000
1482 1.000000000
1483 3.000000000
1484 1.000000000
1485 4.000000000
1486 4.000000000
1487 1.000000000
1488 1.000000000
1489 1.000000000
1490 1.000000000
1491 1.000000000
1492 1.000000000
1493 1.000000000
1494 1.000000000
1495 1.000000000
1496 1.000000000
1497 2.000000000
1498 1.000000000
1499 1.000000000
1500 1.000000000
1501 3.000000000
1502 3.000000000
1503 1.000000000
1504 1.000000000
1505 2.000000000
1506 10.000000000
1507 5.000000000
1508 2.000000000
1509 1.000000000
1510 1.000000000
1511 2.000000000
1512 5.000000000
1513 5.000000000
1514 2.000000000
1515 1.000000000
1516 1.000000000
1517 1.000000000
1518 1.000000000
1519 1.000000000
1520 1.000000000
1521 2.000000000
1522 1.000000000
1523 1.000000000
1524 1.000000000
1525 1.000000000
1526 2.000000000
1527 2.000000000
1528 1.000000000
1529 2.000000000
1530 2.000000000
1531 3.000000000
1532 6.000000000
1533 2.000000000
1534 2.000000000
1535 2.000000000
1536 2.000000000
1537 2.000000000
1538 5.000000000
1539 2.000000000
1540 2.000000000
1541 3.000000000
1542 1.000000000
1543 1.000000000
1544 1.000000000
1545 1.000000000
1546 1.000000000
1547 1.000000000
1548 1.000000000
1549 1.000000000
1550 1.000000000
1551 1.000000000
1552 5.000000000
1553 5.000000000
1554 1.000000000
1555 1.000000000
1556 1.000000000
1557 1.000000000
1558 2.000000000
1559 2.000000000
1560 1.000000000
1561 2.000000000
1562 1.000000000
1563 1.000000000
1564 1.000000000
1565 2.000000000
1566 2.000000000
1567 1.000000000
1568 2.000000000
1569 1.000000000
1570 2.000000000
1571 2.000000000
1572 2.000000000
1573 1.000000000
1574 1.000000000
1575 1.000000000
1576 1.000000000
1577 1.000000000
1578 1.000000000
1579 1.000000000
1580 1.000000000
1581 1.000000000
1582 1.000000000
1583 1.000000000
1584 1.000000000
1585 1.000000000
1586 1.000000000
1587 1.000000000
1588 1.000000000
1589 2.000000000
1590 1.000000000
1591 1.000000000
1592 1.000000000
1593 1.000000000
1594 1.000000000
1595 1.000000000
1596 1.000000000
1597 1.000000000
1598 1.000000000
1599 1.000000000
1600 1.000000000
1601 1.000000000
1602 1.000000000
1603 1.000000000
1604 3.000000000
1605 2.000000000
1606 4.000000000
1607 2.000000000
1608 1.000000000
1609 1.000000000
1610 1.000000000
1611 1.000000000
1612 1.000000000
1613 1.000000000
1614 1.000000000
1615 1.000000000
1616 1.000000000
1617 1.000000000
1618 1.000000000
1619 1.000000000
1620 1.000000000
1621 1.000000000
1622 1.000000000
1623 1.000000000
1624 1.000000000
1625 1.000000000
1626 1.000000000
1627 1.000000000
1628 1.000000000
1629 1.000000000
1630 1.000000000
1631 1.000000000
1632 1.000000000
1633 1.000000000
1634 1.000000000
1635 1.000000000
1636 1.000000000
1637 1.000000000
1638 1.000000000
1639 1.000000000
1640 1.000000000
1641 1.000000000
1642 2.000000000
1643 1.000000000
1644 1.000000000
1645 1.000000000
1646 1.000000000
1647 1.000000000
1648 2.000000000
1649 2.000000000
1650 2.000000000
1651 2.000000000
1652 1.000000000
1653 1.000000000
1654 1.000000000
1655 1.000000000
1656 1.000000000
1657 1.000000000
1658 1.000000000
1659 1.000000000
1660 1.000000000
1661 1.000000000
1662 1.000000000
1663 1.000000000
1664 1.000000000
1665 1.000000000
1666 1.000000000
1667 1.000000000
1668 2.000000000
1669 12.000000000
1670 4.000000000
1671 2.000000000
1672 1.000000000
1673 2.000000000
1674 1.000000000
1675 2.000000000
1676 1.000000000
1677 1.000000000
1678 1.000000000
1679 1.000000000
1680 1.000000000
1681 1.000000000
1682 1.000000000
1683 1.000000000
1684 1.000000000
1685 1.000000000
1686 1.000000000
1687 1.000000000
1688 1.000000000
1689 1.000000000
1690 1.000000000
1691 1.000000000
1692 1.000000000
1693 1.000000000
1694 1.000000000
1695 1.000000000
1696 1.000000000
1697 1.000000000
1698 1.000000000
1699 1.000000000
1700 1.000000000
1701 1.000000000
1702 1.000000000
1703 1.000000000
1704 1.000000000
1705 1.000000000
1706 1.000000000
1707 1.000000000
1708 1.000000000
1709 1.000000000
1710 1.000000000
1711 1.000000000
1712 1.000000000
1713 1.000000000
1714 1.000000000
1715 1.000000000
1716 1.000000000
1717 1.000000000
1718 1.000000000
1719 1.000000000
1720 1.000000000
1721 1.000000000
1722 1.000000000
1723 1.000000000
1724 1.000000000
1725 1.000000000
1726 1.000000000
1727 1.000000000
1728 1.000000000
1729 1.000000000
1730 1.000000000
1731 1.000000000
1732 1.000000000
1733 1.000000000
1734 1.000000000
1735 1.000000000
1736 1.000000000
1737 1.000000000
1738 1.000000000
1739 1.000000000
1740 6.000000000
1741 2.000000000
1742 3.000000000
1743 3.000000000
1744 2.000000000
1745 2.000000000
1746 18.000000000
1747 2.000000000
1748 2.000000000
1749 2.000000000
1750 2.000000000
1751 2.000000000
1752 2.000000000
1753 1.000000000
1754 2.000000000
1755 13.000000000
1756 2.000000000
1757 15.000000000
1758 13.000000000
1759 1.000000000
1760 1.000000000
1761 1.000000000
1762 1.000000000
1763 1.000000000
1764 1.000000000
1765 1.000000000
1766 20.000000000
1767 20.000000000
1768 3.000000000
1769 3.000000000
1770 1.000000000
1771 7.000000000
1772 1.000000000
1773 1.000000000
1774 1.000000000
1775 1.000000000
1776 1.000000000
1777 1.000000000
1778 5.000000000
1779 4.000000000
1780 1.000000000
1781 1.000000000
1782 2.000000000
1783 2.000000000
1784 4.000000000
1785 4.000000000
1786 4.000000000
1787 1.000000000
1788 1.000000000
1789 1.000000000
1790 1.000000000
1791 1.000000000
1792 1.000000000
1793 1.000000000
1794 1.000000000
1795 1.000000000
1796 1.000000000
1797 1.000000000
1798 10.000000000
1799 2.000000000
1800 2.000000000
1801 3.000000000
1802 3.000000000
1803 2.000000000
1804 4.000000000
1805 1.000000000
1806 2.000000000
1807 4.000000000
1808 1.000000000
1809 2.000000000
1810 1.000000000
1811 4.000000000
1812 4.000000000
1813 3.000000000
1814 4.000000000
1815 2.000000000
1816 1.000000000
1817 1.000000000
1818 1.000000000
1819 2.000000000
1820 1.000000000
1821 2.000000000
1822 1.000000000
1823 1.000000000
1824 1.000000000
1825 1.000000000
1826 1.000000000
1827 5.000000000
1828 4.000000000
1829 2.000000000
1830 2.000000000
1831 1.000000000
1832 1.000000000
1833 2.000000000
1834 2.000000000
1835 1.000000000
1836 1.000000000
1837 2.000000000
1838 1.000000000
1839 9.000000000
1840 6.000000000
1841 2.000000000
1842 12.000000000
1843 2.000000000
1844 2.000000000
1845 2.000000000
1846 12.000000000
1847 3.000000000
1848 3.000000000
1849 3.000000000
1850 3.000000000
1851 2.000000000
1852 3.000000000
1853 3.000000000
1854 3.000000000
1855 3.000000000
1856 3.000000000
1857 3.000000000
1858 1.000000000
1859 1.000000000
1860 1.000000000
1861 1.000000000
1862 1.000000000
1863 1.000000000
1864 1.000000000
1865 1.000000000
1866 3.000000000
1867 3.000000000
1868 1.000000000
1869 1.000000000
1870 2.000000000
1871 1.000000000
1872 1.000000000
1873 1.000000000
1874 1.000000000
1875 1.000000000
1876 1.000000000
1877 1.000000000
1878 2.000000000
1879 4.000000000
1880 2.000000000
1881 2.000000000
1882 2.000000000
1883 4.000000000
1884 2.000000000
1885 4.000000000
1886 4.000000000
1887 4.000000000
1888 2.000000000
1889 2.000000000
1890 2.000000000
1891 2.000000000
1892 2.000000000
1893 4.000000000
1894 4.000000000
1895 4.000000000
1896 4.000000000
1897 4.000000000
1898 4.000000000
1899 4.000000000
1900 4.000000000
1901 1.000000000
1902 4.000000000
1903 4.000000000
1904 4.000000000
1905 4.000000000
1906 4.000000000
1907 4.000000000
1908 4.000000000
1909 1.000000000
1910 9.000000000
1911 9.000000000
1912 9.000000000
1913 9.000000000
1914 9.000000000
1915 6.000000000
1916 1.000000000
1917 6.000000000
1918 6.000000000
1919 6.000000000
1920 6.000000000
1921 6.000000000
1922 6.000000000
1923 6.000000000
1924 3.000000000
1925 3.000000000
1926 1.000000000
1927 1.000000000
1928 1.000000000
1929 2.000000000
1930 2.000000000
1931 2.000000000
1932 1.000000000
1933 2.000000000
1934 9.000000000
1935 1.000000000
1936 1.000000000
1937 2.000000000
1938 2.000000000
1939 1.000000000
1940 1.000000000
1941 1.000000000
1942 1.000000000
1943 1.000000000
1944 1.000000000
1945 1.000000000
1946 1.000000000
1947 1.000000000
1948 1.000000000
1949 2.000000000
1950 1.000000000
1951 3.000000000
1952 12.000000000
1953 4.000000000
1954 12.000000000
1955 3.000000000
1956 4.000000000
1957 3.000000000
1958 3.000000000
1959 4.000000000
1960 2.000000000
1961 2.000000000
1962 1.000000000
1963 2.000000000
1964 1.000000000
1965 1.000000000
1966 1.000000000
1967 1.000000000
1968 1.000000000
1969 6.000000000
1970 8.000000000
1971 1.000000000
1972 1.000000000
1973 1.000000000
1974 1.000000000
1975 2.000000000
1976 2.000000000
1977 1.000000000
1978 1.000000000
1979 1.000000000
1980 1.000000000
1981 1.000000000
1982 1.000000000
1983 1.000000000
1984 1.000000000
1985 2.000000000
1986 2.000000000
1987 2.000000000
1988 2.000000000
1989 2.000000000
1990 3.000000000
1991 2.000000000
1992 2.000000000
1993 2.000000000
1994 2.000000000
1995 2.000000000
1996 2.000000000
1997 2.000000000
1998 2.000000000
1999 1.000000000
2000 2.000000000
2001 2.000000000
2002 4.000000000
2003 2.000000000
2004 2.000000000
2005 1.000000000
2006 2.000000000
2007 2.000000000
2008 2.000000000
2009 1.000000000
2010 1.000000000
2011 1.000000000
2012 3.000000000
2013 3.000000000
2014 1.000000000
2015 1.000000000
2016 1.000000000
2017 2.000000000
2018 2.000000000
2019 3.000000000
2020 4.000000000
2021 4.000000000
2022 4.000000000
2023 4.000000000
2024 2.000000000
2025 1.000000000
2026 2.000000000
2027 2.000000000
2028 2.000000000
2029 2.000000000
2030 2.000000000
2031 5.000000000
2032 2.000000000
2033 5.000000000
2034 5.000000000
2035 2.000000000
2036 5.000000000
2037 2.000000000
2038 3.000000000
2039 2.000000000
2040 2.000000000
2041 3.000000000
2042 1.000000000
2043 2.000000000
2044 2.000000000
2045 2.000000000
2046 2.000000000
2047 2.000000000
2048 2.000000000
2049 34.000000000
2050 20.000000000
2051 50.000000000
2052 12.000000000
2053 20.000000000
2054 20.000000000
2055 12.000000000
2056 12.000000000
2057 12.000000000
2058 12.000000000
2059 34.000000000
2060 50.000000000
2061 74.000000000
2062 3.000000000
2063 20.000000000
2064 5.000000000
2065 4.000000000
2066 8.000000000
2067 12.000000000
2068 20.000000000
2069 24.000000000
2070 8.000000000
2071 8.000000000
2072 2.000000000
2073 1.000000000
2074 1.000000000
2075 1.000000000
2076 1.000000000
2077 1.000000000
2078 3.000000000
2079 3.000000000
2080 3.000000000
2081 3.000000000
2082 3.000000000
2083 3.000000000
2084 3.000000000
2085 2.000000000
2086 3.000000000
2087 3.000000000
2088 3.000000000
2089 2.000000000
2090 4.000000000
2091 3.000000000
2092 3.000000000
2093 3.000000000
2094 3.000000000
2095 3.000000000
2096 3.000000000
2097 3.000000000
2098 3.000000000
2099 3.000000000
2100 3.000000000
2101 3.000000000
2102 3.000000000
2103 3.000000000
2104 3.000000000
2105 3.000000000
2106 3.000000000
2107 2.000000000
2108 3.000000000
2109 3.000000000
2110 3.000000000
2111 3.000000000
2112 3.000000000
2113 3.000000000
2114 3.000000000
2115 3.000000000
2116 3.000000000
2117 3.000000000
2118 3.000000000
2119 3.000000000
2120 3.000000000
2121 3.000000000
2122 3.000000000
2123 3.000000000
2124 3.000000000
2125 3.000000000
2126 2.000000000
2127 3.000000000
2128 1.000000000
2129 1.000000000
2130 1.000000000
2131 1.000000000
2132 2.000000000
2133 6.000000000
2134 2.000000000
2135 6.000000000
2136 2.000000000
2137 2.000000000
2138 2.000000000
2139 1.000000000
2140 1.000000000
2141 1.000000000
2142 1.000000000
2143 1.000000000
2144 1.000000000
2145 2.000000000
2146 1.000000000
2147 1.000000000
2148 2.000000000
2149 3.000000000
2150 3.000000000
2151 1.000000000
2152 1.000000000
2153 1.000000000
2154 69.000000000
2155 1.000000000
2156 1.000000000
2157 1.000000000
2158 1.000000000
2159 3.000000000
2160 2.000000000
2161 1.000000000
2162 1.000000000
2163 1.000000000
2164 1.000000000
2165 1.000000000
2166 1.000000000
2167 1.000000000
2168 3.000000000
2169 3.000000000
2170 3.000000000
2171 3.000000000
2172 3.000000000
2173 2.000000000
2174 2.000000000
2175 1.000000000
2176 1.000000000
2177 1.000000000
2178 3.000000000
2179 1.000000000
2180 2.000000000
2181 3.000000000
2182 1.000000000
2183 1.000000000
2184 1.000000000
2185 1.000000000
2186 1.000000000
2187 1.000000000
2188 1.000000000
2189 1.000000000
2190 1.000000000
2191 1.000000000
2192 1.000000000
2193 2.000000000
2194 2.000000000
2195 1.000000000
2196 1.000000000
2197 1.000000000
2198 1.000000000
2199 1.000000000
2200 1.000000000
2201 1.000000000
2202 1.000000000
2203 1.000000000
2204 1.000000000
2205 1.000000000
2206 1.000000000
2207 1.000000000
2208 1.000000000
2209 1.000000000
2210 1.000000000
2211 1.000000000
2212 1.000000000
2213 1.000000000
2214 1.000000000
2215 1.000000000
2216 1.000000000
2217 1.000000000
2218 1.000000000
2219 1.000000000
2220 1.000000000
2221 1.000000000
2222 1.000000000
2223 1.000000000
2224 1.000000000
2225 1.000000000
2226 1.000000000
2227 1.000000000
2228 1.000000000
2229 1.000000000
2230 1.000000000
2231 1.000000000
2232 1.000000000
2233 1.000000000
2234 1.000000000
2235 1.000000000
2236 1.000000000
2237 1.000000000
2238 1.000000000
2239 49.000000000
2240 1.000000000
2241 1.000000000
2242 1.000000000
2243 3.000000000
2244 3.000000000
2245 1.000000000
2246 1.000000000
2247 1.000000000
2248 1.000000000
2249 1.000000000
2250 1.000000000
2251 1.000000000
2252 1.000000000
2253 1.000000000
2254 1.000000000
2255 1.000000000
2256 1.000000000
2257 14.000000000
2258 1.000000000
2259 14.000000000
2260 2.000000000
2261 14.000000000
2262 1.000000000
2263 1.000000000
2264 2.000000000
2265 2.000000000
2266 1.000000000
2267 1.000000000
2268 1.000000000
2269 1.000000000
2270 1.000000000
2271 1.000000000
2272 1.000000000
2273 1.000000000
2274 1.000000000
2275 1.000000000
2276 1.000000000
2277 1.000000000
2278 1.000000000
2279 1.000000000
2280 1.000000000
2281 1.000000000
2282 1.000000000
2283 2.000000000
2284 1.000000000
2285 1.000000000
2286 1.000000000
2287 1.000000000
2288 1.000000000
2289 1.000000000
2290 1.000000000
2291 1.000000000
2292 1.000000000
2293 1.000000000
2294 1.000000000
2295 2.000000000
2296 1.000000000
2297 1.000000000
2298 1.000000000
2299 1.000000000
2300 1.000000000
2301 1.000000000
2302 1.000000000
2303 1.000000000
2304 1.000000000
2305 1.000000000
2306 1.000000000
2307 1.000000000
2308 1.000000000
2309 1.000000000
2310 1.000000000
2311 1.000000000
2312 1.000000000
2313 1.000000000
2314 1.000000000
2315 1.000000000
2316 1.000000000
2317 1.000000000
2318 1.000000000
2319 1.000000000
2320 1.000000000
2321 1.000000000
2322 1.000000000
2323 1.000000000
2324 1.000000000
2325 1.000000000
2326 1.000000000
2327 1.000000000
2328 1.000000000
2329 1.000000000
2330 1.000000000
2331 2.000000000
2332 2.000000000
2333 4.000000000
2334 2.000000000
2335 2.000000000
2336 2.000000000
2337 1.000000000
2338 2.000000000
2339 2.000000000
2340 2.000000000
2341 2.000000000
2342 2.000000000
2343 2.000000000
2344 14.000000000
2345 2.000000000
2346 2.000000000
2347 1.000000000
2348 1.000000000
2349 2.000000000
2350 2.000000000
2351 1.000000000
2352 1.000000000
2353 1.000000000
2354 1.000000000
2355 1.000000000
2356 1.000000000
2357 1.000000000
2358 1.000000000
2359 1.000000000
2360 1.000000000
2361 1.000000000
2362 1.000000000
2363 1.000000000
2364 1.000000000
2365 6.000000000
2366 1.000000000
2367 1.000000000
2368 1.000000000
2369 1.000000000
2370 1.000000000
2371 1.000000000
2372 1.000000000
2373 1.000000000
2374 1.000000000
2375 1.000000000
2376 1.000000000
2377 1.000000000
2378 1.000000000
2379 2.000000000
2380 1.000000000
2381 1.000000000
2382 1.000000000
2383 1.000000000
2384 1.000000000
2385 1.000000000
2386 1.000000000
2387 1.000000000
2388 1.000000000
2389 1.000000000
2390 1.000000000
2391 1.000000000
2392 1.000000000
2393 1.000000000
2394 1.000000000
2395 1.000000000
2396 1.000000000
2397 4.000000000
2398 3.000000000
2399 1.000000000
2400 1.000000000
2401 3.000000000
2402 1.000000000
2403 1.000000000
2404 1.000000000
2405 1.000000000
2406 1.000000000
2407 1.000000000
2408 1.000000000
2409 1.000000000
2410 1.000000000
2411 4.000000000
2412 1.000000000
2413 5.000000000
2414 3.000000000
2415 3.000000000
2416 3.000000000
2417 5.000000000
2418 5.000000000
2419 1.000000000
2420 1.000000000
2421 1.000000000
2422 1.000000000
2423 1.000000000
2424 4.000000000
2425 9.000000000
2426 4.000000000
2427 6.000000000
2428 9.000000000
2429 11.000000000
2430 3.000000000
2431 4.000000000
2432 3.000000000
2433 1.000000000
2434 26.000000000
2435 18.000000000
2436 5.000000000
2437 6.000000000
2438 1.000000000
2439 15.000000000
2440 5.000000000
2441 2.000000000
2442 7.000000000
2443 6.000000000
2444 12.000000000
2445 5.000000000
2446 6.000000000
2447 7.000000000
2448 7.000000000
2449 2.000000000
2450 3.000000000
2451 6.000000000
2452 2.000000000
2453 3.000000000
2454 2.000000000
2455 1.000000000
2456 3.000000000
2457 3.000000000
2458 3.000000000
2459 3.000000000
2460 1.000000000
2461 2.000000000
2462 1.000000000
2463 1.000000000
2464 1.000000000
2465 6.000000000
2466 8.000000000
2467 1.000000000
2468 1.000000000
2469 1.000000000
2470 1.000000000
2471 1.000000000
2472 20.000000000
2473 4.000000000
2474 20.000000000
2475 20.000000000
2476 20.000000000
2477 4.000000000
2478 4.000000000
2479 4.000000000
2480 4.000000000
2481 4.000000000
2482 4.000000000
2483 4.000000000
2484 4.000000000
2485 4.000000000
2486 2.000000000
2487 1.000000000
2488 1.000000000
2489 8.000000000
2490 8.000000000
2491 16.000000000
2492 8.000000000
2493 16.000000000
2494 8.000000000
2495 8.000000000
2496 1.000000000
2497 1.000000000
2498 3.000000000
2499 3.000000000
2500 3.000000000
2501 3.000000000
2502 3.000000000
2503 3.000000000
2504 1.000000000
2505 2.000000000
2506 1.000000000
2507 1.000000000
2508 1.000000000
2509 1.000000000
2510 8.000000000
2511 8.000000000
2512 8.000000000
2513 8.000000000
2514 8.000000000
2515 1.000000000
2516 1.000000000
2517 8.000000000
2518 8.000000000
2519 3.000000000
2520 3.000000000
2521 6.000000000
2522 4.000000000
2523 3.000000000
2524 6.000000000
2525 4.000000000
2526 1.000000000
2527 1.000000000
2528 1.000000000
2529 1.000000000
2530 1.000000000
2531 3.000000000
2532 1.000000000
2533 1.000000000
2534 1.000000000
2535 3.000000000
2536 2.000000000
2537 3.000000000
2538 2.000000000
2539 2.000000000
2540 2.000000000
2541 3.000000000
2542 2.000000000
2543 2.000000000
2544 3.000000000
2545 2.000000000
2546 3.000000000
2547 3.000000000
2548 16.000000000
2549 1.000000000
2550 1.000000000
2551 4.000000000
2552 1.000000000
2553 4.000000000
2554 1.000000000
2555 1.000000000
2556 1.000000000
2557 2.000000000
2558 2.000000000
2559 1.000000000
2560 2.000000000
2561 1.000000000
2562 1.000000000
2563 1.000000000
2564 1.000000000
2565 1.000000000
2566 4.000000000
2567 1.000000000
2568 1.000000000
2569 1.000000000
2570 1.000000000
2571 1.000000000
2572 6.000000000
2573 2.000000000
2574 4.000000000
2575 1.000000000
2576 2.000000000
2577 1.000000000
2578 3.000000000
2579 1.000000000
2580 2.000000000
2581 2.000000000
2582 1.000000000
2583 1.000000000
2584 1.000000000
2585 1.000000000
2586 1.000000000
2587 2.000000000
2588 2.000000000
2589 1.000000000
2590 1.000000000
2591 1.000000000
2592 1.000000000
2593 1.000000000
2594 2.000000000
2595 2.000000000
2596 1.000000000
2597 1.000000000
2598 1.000000000
2599 1.000000000
2600 1.000000000
2601 1.000000000
2602 1.000000000
2603 1.000000000
2604 1.000000000
2605 1.000000000
2606 1.000000000
2607 1.000000000
2608 3.000000000
2609 1.000000000
2610 1.000000000
2611 1.000000000
2612 1.000000000
2613 1.000000000
2614 2.000000000
2615 2.000000000
2616 2.000000000
2617 1.000000000
2618 2.000000000
2619 1.000000000
2620 3.000000000
2621 3.000000000
2622 1.000000000
2623 4.000000000
2624 2.000000000
2625 1.000000000
2626 1.000000000
2627 1.000000000
2628 2.000000000
2629 2.000000000
2630 1.000000000
2631 1.000000000
2632 1.000000000
2633 1.000000000
2634 7.000000000
2635 2.000000000
2636 1.000000000
2637 1.000000000
2638 1.000000000
2639 1.000000000
2640 2.000000000
2641 3.000000000
2642 1.000000000
2643 1.000000000
2644 7.000000000
2645 3.000000000
2646 2.000000000
2647 2.000000000
2648 3.000000000
2649 1.000000000
2650 1.000000000
2651 1.000000000
2652 3.000000000
2653 1.000000000
2654 1.000000000
2655 1.000000000
2656 1.000000000
2657 1.000000000
2658 1.000000000
2659 1.000000000
2660 2.000000000
2661 1.000000000
2662 1.000000000
2663 1.000000000
2664 1.000000000
2665 1.000000000
2666 1.000000000
2667 1.000000000
2668 1.000000000
2669 1.000000000
2670 1.000000000
2671 1.000000000
2672 1.000000000
2673 1.000000000
2674 1.000000000
2675 2.000000000
2676 1.000000000
2677 2.000000000
2678 1.000000000
2679 2.000000000
2680 4.000000000
2681 2.000000000
2682 1.000000000
2683 2.000000000
2684 2.000000000
2685 2.000000000
2686 2.000000000
2687 2.000000000
2688 1.000000000
2689 2.000000000
2690 1.000000000
2691 1.000000000
2692 3.000000000
2693 2.000000000
2694 2.000000000
2695 1.000000000
2696 1.000000000
2697 2.000000000
2698 1.000000000
2699 4.000000000
2700 1.000000000
2701 1.000000000
2702 1.000000000
2703 1.000000000
2704 1.000000000
2705 1.000000000
2706 1.000000000
2707 2.000000000
2708 1.000000000
2709 1.000000000
2710 3.000000000
2711 1.000000000
2712 1.000000000
2713 1.000000000
2714 1.000000000
2715 3.000000000
2716 4.000000000
2717 6.000000000
2718 1.000000000
2719 1.000000000
2720 1.000000000
2721 2.000000000
2722 1.000000000
2723 2.000000000
2724 4.000000000
2725 4.000000000
2726 3.000000000
2727 5.000000000
2728 4.000000000
2729 1.000000000
2730 16.000000000
2731 16.000000000
2732 1.000000000
2733 1.000000000
2734 1.000000000
2735 1.000000000
2736 1.000000000
2737 1.000000000
2738 1.000000000
2739 1.000000000
2740 1.000000000
2741 1.000000000
2742 1.000000000
2743 1.000000000
2744 1.000000000
2745 1.000000000
2746 1.000000000
2747 7.000000000
2748 1.000000000
2749 4.000000000
2750 1.000000000
2751 1.000000000
2752 1.000000000
2753 1.000000000
2754 1.000000000
2755 1.000000000
2756 2.000000000
2757 6.000000000
2758 1.000000000
2759 1.000000000
2760 1.000000000
2761 2.000000000
2762 3.000000000
2763 2.000000000
2764 1.000000000
2765 6.000000000
2766 2.000000000
2767 2.000000000
2768 1.000000000
2769 1.000000000
2770 2.000000000
2771 1.000000000
2772 1.000000000
2773 1.000000000
2774 4.000000000
2775 3.000000000
2776 1.000000000
2777 1.000000000
2778 1.000000000
2779 1.000000000
2780 1.000000000
2781 3.000000000
2782 5.000000000
2783 1.000000000
2784 4.000000000
2785 1.000000000
2786 3.000000000
2787 1.000000000
2788 1.000000000
2789 1.000000000
2790 2.000000000
2791 1.000000000
2792 2.000000000
2793 2.000000000
2794 2.000000000
2795 1.000000000
2796 4.000000000
2797 3.000000000
2798 2.000000000
2799 2.000000000
2800 1.000000000
2801 1.000000000
2802 1.000000000
2803 1.000000000
2804 1.000000000
2805 1.000000000
2806 4.000000000
2807 2.000000000
2808 2.000000000
2809 2.000000000
2810 2.000000000
2811 1.000000000
2812 1.000000000
2813 1.000000000
2814 3.000000000
2815 3.000000000
2816 3.000000000
2817 1.000000000
2818 1.000000000
2819 3.000000000
2820 3.000000000
2821 3.000000000
2822 1.000000000
2823 1.000000000
2824 3.000000000
2825 5.000000000
2826 2.000000000
2827 2.000000000
2828 1.000000000
2829 1.000000000
2830 1.000000000
2831 1.000000000
2832 1.000000000
2833 1.000000000
2834 1.000000000
2835 1.000000000
2836 1.000000000
2837 1.000000000
2838 1.000000000
2839 1.000000000
2840 1.000000000
2841 1.000000000
2842 1.000000000
2843 1.000000000
2844 1.000000000
2845 8.000000000
2846 8.000000000
2847 8.000000000
2848 8.000000000
2849 8.000000000
2850 8.000000000
2851 8.000000000
2852 8.000000000
2853 8.000000000
2854 1.000000000
2855 2.000000000
2856 3.000000000
2857 6.000000000
2858 3.000000000
2859 1.000000000
2860 1.000000000
2861 1.000000000
2862 1.000000000
2863 2.000000000
2864 2.000000000
2865 2.000000000
2866 2.000000000
2867 2.000000000
2868 2.000000000
2869 2.000000000
2870 2.000000000
2871 2.000000000
2872 2.000000000
2873 2.000000000
2874 2.000000000
2875 2.000000000
2876 2.000000000
2877 4.000000000
2878 2.000000000
2879 2.000000000
2880 1.000000000
2881 1.000000000
2882 1.000000000
2883 2.000000000
2884 2.000000000
2885 2.000000000
2886 3.000000000
2887 3.000000000
2888 3.000000000
2889 1.000000000
2890 3.000000000
2891 3.000000000
2892 3.000000000
2893 3.000000000
2894 16.000000000
2895 1.000000000
2896 1.000000000
2897 1.000000000
2898 1.000000000
2899 1.000000000
2900 1.000000000
2901 1.000000000
2902 1.000000000
2903 1.000000000
2904 3.000000000
2905 3.000000000
2906 3.000000000
2907 1.000000000
2908 1.000000000
2909 3.000000000
2910 10.000000000
2911 3.000000000
2912 1.000000000
2913 16.000000000
2914 16.000000000
2915 16.000000000
2916 3.000000000
2917 14.000000000
2918 2.000000000
2919 2.000000000
2920 2.000000000
2921 2.000000000
2922 2.000000000
2923 2.000000000
2924 2.000000000
2925 15.000000000
2926 1.000000000
2927 2.000000000
2928 16.000000000
2929 2.000000000
2930 2.000000000
2931 2.000000000
2932 16.000000000
2933 9.000000000
2934 10.000000000
2935 10.000000000
2936 8.000000000
2937 8.000000000
2938 9.000000000
2939 6.000000000
2940 16.000000000
2941 3.000000000
2942 1.000000000
2943 13.000000000
2944 4.000000000
2945 14.000000000
2946 2.000000000
2947 13.000000000
2948 13.000000000
2949 2.000000000
2950 1.000000000
2951 1.000000000
2952 4.000000000
2953 1.000000000
2954 10.000000000
2955 10.000000000
2956 3.000000000
2957 3.000000000
2958 4.000000000
2959 4.000000000
2960 11.000000000
2961 10.000000000
2962 9.000000000
2963 1.000000000
2964 1.000000000
2965 1.000000000
2966 1.000000000
2967 1.000000000
2968 1.000000000
2969 1.000000000
2970 1.000000000
2971 1.000000000
2972 1.000000000
2973 1.000000000
2974 1.000000000
2975 1.000000000
2976 1.000000000
2977 1.000000000
2978 1.000000000
2979 1.000000000
2980 1.000000000
2981 1.000000000
2982 1.000000000
2983 1.000000000
2984 1.000000000
2985 1.000000000
2986 3.000000000
2987 1.000000000
2988 1.000000000
2989 1.000000000
2990 1.000000000
2991 1.000000000
2992 1.000000000
2993 1.000000000
2994 1.000000000
2995 3.000000000
2996 4.000000000
2997 2.000000000
2998 3.000000000
2999 3.000000000
3000 2.000000000
3001 3.000000000
3002 2.000000000
3003 3.000000000
3004 1.000000000
3005 2.000000000
3006 1.000000000
3007 1.000000000
3008 1.000000000
3009 1.000000000
3010 1.000000000
3011 1.000000000
3012 1.000000000
3013 1.000000000
3014 1.000000000
3015 1.000000000
3016 1.000000000
3017 1.000000000
3018 1.000000000
3019 2.000000000
3020 1.000000000
3021 5.000000000
3022 2.000000000
3023 2.000000000
3024 2.000000000
3025 1.000000000
3026 1.000000000
3027 1.000000000
3028 1.000000000
3029 1.000000000
3030 1.000000000
3031 1.000000000
3032 4.000000000
3033 4.000000000
3034 1.000000000
3035 4.000000000
3036 2.000000000
3037 2.000000000
3038 5.000000000
3039 1.000000000
3040 1.000000000
3041 1.000000000
3042 3.000000000
3043 2.000000000
3044 1.000000000
3045 2.000000000
3046 2.000000000
3047 1.000000000
3048 1.000000000
3049 1.000000000
3050 1.000000000
3051 1.000000000
3052 1.000000000
3053 1.000000000
3054 1.000000000
3055 1.000000000
3056 1.000000000
3057 1.000000000
3058 1.000000000
3059 1.000000000
3060 1.000000000
3061 1.000000000
3062 1.000000000
3063 1.000000000
3064 1.000000000
3065 1.000000000
3066 1.000000000
3067 2.000000000
3068 1.000000000
3069 3.000000000
3070 5.000000000
3071 1.000000000
3072 1.000000000
3073 1.000000000
3074 1.000000000
3075 1.000000000
3076 1.000000000
3077 2.000000000
3078 1.000000000
3079 1.000000000
3080 3.000000000
3081 1.000000000
3082 2.000000000
3083 1.000000000
3084 1.000000000
3085 1.000000000
3086 1.000000000
3087 1.000000000
3088 1.000000000
3089 3.000000000
3090 1.000000000
3091 1.000000000
3092 1.000000000
3093 28.000000000
3094 28.000000000
3095 8.000000000
3096 14.000000000
3097 12.000000000
3098 14.000000000
3099 3.000000000
3100 1.000000000
3101 8.000000000
3102 12.000000000
3103 1.000000000
3104 1.000000000
3105 4.000000000
3106 4.000000000
3107 1.000000000
3108 1.000000000
3109 1.000000000
3110 1.000000000
3111 1.000000000
3112 1.000000000
3113 1.000000000
3114 1.000000000
3115 1.000000000
3116 1.000000000
3117 1.000000000
3118 1.000000000
3119 1.000000000
3120 1.000000000
3121 1.000000000
3122 12.000000000
3123 12.000000000
3124 12.000000000
3125 1.000000000
3126 1.000000000
3127 1.000000000
3128 1.000000000
3129 1.000000000
3130 1.000000000
3131 1.000000000
3132 1.000000000
3133 1.000000000
3134 1.000000000
3135 1.000000000
3136 1.000000000
3137 1.000000000
3138 1.000000000
3139 1.000000000
3140 1.000000000
3141 1.000000000
3142 1.000000000
3143 1.000000000
3144 1.000000000
3145 1.000000000
3146 1.000000000
3147 1.000000000
3148 1.000000000
3149 1.000000000
3150 2.000000000
3151 2.000000000
3152 1.000000000
3153 2.000000000
3154 1.000000000
3155 1.000000000
3156 12.000000000
3157 4.000000000
3158 4.000000000
3159 4.000000000
3160 4.000000000
3161 8.000000000
3162 1.000000000
3163 4.000000000
3164 2.000000000
3165 2.000000000
3166 2.000000000
3167 1.000000000
3168 1.000000000
3169 1.000000000
3170 1.000000000
3171 1.000000000
3172 1.000000000
3173 1.000000000
3174 1.000000000
3175 1.000000000
3176 1.000000000
3177 3.000000000
3178 4.000000000
3179 3.000000000
3180 2.000000000
3181 1.000000000
3182 2.000000000
3183 1.000000000
3184 1.000000000
3185 1.000000000
3186 1.000000000
3187 1.000000000
3188 1.000000000
3189 1.000000000
3190 1.000000000
3191 1.000000000
3192 1.000000000
3193 1.000000000
3194 1.000000000
3195 1.000000000
3196 1.000000000
3197 1.000000000
3198 1.000000000
3199 1.000000000
3200 1.000000000
3201 1.000000000
3202 1.000000000
3203 1.000000000
3204 1.000000000
3205 1.000000000
3206 1.000000000
3207 1.000000000
3208 1.000000000
3209 1.000000000
3210 1.000000000
3211 1.000000000
3212 2.000000000
3213 1.000000000
3214 1.000000000
3215 1.000000000
3216 1.000000000
3217 1.000000000
3218 1.000000000
3219 1.000000000
3220 1.000000000
3221 1.000000000
3222 1.000000000
3223 1.000000000
3224 1.000000000
3225 1.000000000
3226 1.000000000
3227 1.000000000
3228 1.000000000
3229 1.000000000
3230 1.000000000
3231 2.000000000
3232 1.000000000
3233 1.000000000
3234 1.000000000
3235 3.000000000
3236 4.000000000
3237 2.000000000
3238 2.000000000
3239 2.000000000
3240 2.000000000
3241 2.000000000
3242 1.000000000
3243 1.000000000
3244 4.000000000
3245 5.000000000
3246 4.000000000
3247 5.000000000
3248 5.000000000
3249 4.000000000
3250 4.000000000
3251 4.000000000
3252 4.000000000
3253 1.000000000
3254 2.000000000
3255 4.000000000
3256 2.000000000
3257 2.000000000
3258 2.000000000
3259 2.000000000
3260 1.000000000
3261 2.000000000
3262 1.000000000
3263 1.000000000
3264 2.000000000
3265 1.000000000
3266 1.000000000
3267 1.000000000
3268 1.000000000
3269 1.000000000
3270 1.000000000
3271 1.000000000
3272 2.000000000
3273 1.000000000
3274 1.000000000
3275 1.000000000
3276 1.000000000
3277 1.000000000
3278 1.000000000
3279 1.000000000
3280 1.000000000
3281 1.000000000
3282 1.000000000
3283 1.000000000
3284 1.000000000
3285 1.000000000
3286 2.000000000
3287 1.000000000
3288 1.000000000
3289 1.000000000
3290 1.000000000
3291 1.000000000
3292 1.000000000
3293 1.000000000
3294 1.000000000
3295 1.000000000
3296 1.000000000
3297 1.000000000
3298 3.000000000
3299 1.000000000
3300 1.000000000
3301 1.000000000
3302 2.000000000
3303 1.000000000
3304 7.000000000
3305 1.000000000
3306 1.000000000
3307 8.000000000
3308 8.000000000
3309 4.000000000
3310 8.000000000
3311 8.000000000
3312 4.000000000
3313 4.000000000
3314 1.000000000
3315 1.000000000
3316 1.000000000
3317 1.000000000
3318 1.000000000
3319 1.000000000
3320 1.000000000
3321 2.000000000
3322 1.000000000
3323 1.000000000
3324 1.000000000
3325 1.000000000
3326 1.000000000
3327 1.000000000
3328 1.000000000
3329 1.000000000
3330 1.000000000
3331 1.000000000
3332 1.000000000
3333 1.000000000
3334 1.000000000
3335 1.000000000
3336 1.000000000
3337 1.000000000
3338 1.000000000
3339 1.000000000
3340 1.000000000
3341 1.000000000
3342 1.000000000
3343 1.000000000
3344 1.000000000
3345 1.000000000
3346 1.000000000
3347 1.000000000
3348 1.000000000
3349 1.000000000
3350 2.000000000
3351 2.000000000
3352 1.000000000
3353 1.000000000
3354 1.000000000
3355 2.000000000
3356 5.000000000
3357 2.000000000
3358 2.000000000
3359 1.000000000
3360 1.000000000
3361 1.000000000
3362 1.000000000
3363 1.000000000
3364 1.000000000
3365 1.000000000
3366 1.000000000
3367 1.000000000
3368 1.000000000
3369 1.000000000
3370 1.000000000
3371 1.000000000
3372 1.000000000
3373 1.000000000
3374 1.000000000
3375 1.000000000
3376 1.000000000
3377 2.000000000
3378 1.000000000
3379 1.000000000
3380 1.000000000
3381 1.000000000
3382 1.000000000
3383 1.000000000
3384 1.000000000
3385 1.000000000
3386 1.000000000
3387 1.000000000
3388 1.000000000
3389 1.000000000
3390 1.000000000
3391 1.000000000
3392 1.000000000
3393 1.000000000
3394 1.000000000
3395 1.000000000
3396 1.000000000
3397 1.000000000
3398 1.000000000
3399 1.000000000
3400 1.000000000
3401 4.000000000
3402 4.000000000
3403 4.000000000
3404 1.000000000
3405 1.000000000
3406 1.000000000
3407 1.000000000
3408 1.000000000
3409 1.000000000
3410 1.000000000
3411 1.000000000
3412 1.000000000
3413 2.000000000
3414 1.000000000
3415 1.000000000
3416 1.000000000
3417 1.000000000
3418 1.000000000
3419 1.000000000
3420 1.000000000
3421 1.000000000
3422 1.000000000
3423 1.000000000
3424 1.000000000
3425 1.000000000
3426 1.000000000
3427 1.000000000
3428 1.000000000
3429 1.000000000
3430 1.000000000
3431 1.000000000
3432 1.000000000
3433 1.000000000
3434 1.000000000
3435 1.000000000
3436 1.000000000
3437 1.000000000
3438 1.000000000
3439 1.000000000
3440 1.000000000
3441 2.000000000
3442 1.000000000
3443 1.000000000
3444 2.000000000
3445 1.000000000
3446 1.000000000
3447 2.000000000
3448 1.000000000
3449 1.000000000
3450 1.000000000
3451 1.000000000
3452 1.000000000
3453 1.000000000
3454 1.000000000
3455 1.000000000
3456 1.000000000
3457 1.000000000
3458 2.000000000
3459 2.000000000
3460 2.000000000
3461 2.000000000
3462 2.000000000
3463 1.000000000
3464 1.000000000
3465 1.000000000
3466 1.000000000
3467 1.000000000
3468 1.000000000
3469 2.000000000
3470 2.000000000
3471 1.000000000
3472 1.000000000
3473 1.000000000
3474 1.000000000
3475 1.000000000
3476 1.000000000
3477 1.000000000
3478 1.000000000
3479 1.000000000
3480 3.000000000
3481 3.000000000
3482 3.000000000
3483 1.000000000
3484 1.000000000
3485 1.000000000
3486 1.000000000
3487 1.000000000
3488 1.000000000
3489 1.000000000
3490 1.000000000
3491 1.000000000
3492 5.000000000
3493 1.000000000
3494 1.000000000
3495 1.000000000
3496 1.000000000
3497 2.000000000
3498 1.000000000
3499 1.000000000
3500 1.000000000
3501 2.000000000
3502 1.000000000
3503 2.000000000
3504 2.000000000
3505 1.000000000
3506 2.000000000
3507 2.000000000
3508 2.000000000
3509 2.000000000
3510 2.000000000
3511 1.000000000
3512 2.000000000
3513 2.000000000
3514 2.000000000
3515 2.000000000
3516 2.000000000
3517 2.000000000
3518 2.000000000
3519 1.000000000
3520 1.000000000
3521 1.000000000
3522 1.000000000
3523 1.000000000
3524 1.000000000
3525 2.000000000
3526 2.000000000
3527 1.000000000
3528 1.000000000
3529 1.000000000
3530 1.000000000
3531 1.000000000
3532 1.000000000
3533 1.000000000
3534 1.000000000
3535 1.000000000
3536 1.000000000
3537 1.000000000
3538 2.000000000
3539 1.000000000
3540 2.000000000
3541 1.000000000
3542 1.000000000
3543 1.000000000
3544 1.000000000
3545 1.000000000
3546 1.000000000
3547 2.000000000
3548 1.000000000
3549 1.000000000
3550 1.000000000
3551 1.000000000
3552 1.000000000
3553 1.000000000
3554 1.000000000
3555 1.000000000
3556 1.000000000
3557 1.000000000
3558 1.000000000
3559 1.000000000
3560 1.000000000
3561 1.000000000
3562 1.000000000
3563 2.000000000
3564 2.000000000
3565 2.000000000
3566 1.000000000
3567 1.000000000
3568 1.000000000
3569 2.000000000
3570 2.000000000
3571 2.000000000
3572 2.000000000
3573 2.000000000
3574 2.000000000
3575 2.000000000
3576 2.000000000
3577 1.000000000
3578 1.000000000
3579 1.000000000
3580 4.000000000
3581 3.000000000
3582 8.000000000
3583 8.000000000
3584 1.000000000
3585 1.000000000
3586 1.000000000
3587 1.000000000
3588 2.000000000
3589 4.000000000
3590 3.000000000
3591 2.000000000
3592 1.000000000
3593 1.000000000
3594 1.000000000
3595 1.000000000
3596 1.000000000
3597 1.000000000
3598 1.000000000
3599 1.000000000
3600 3.000000000
3601 2.000000000
3602 2.000000000
3603 2.000000000
3604 3.000000000
3605 1.000000000
3606 2.000000000
3607 2.000000000
3608 1.000000000
3609 2.000000000
3610 2.000000000
3611 1.000000000
3612 1.000000000
3613 1.000000000
3614 1.000000000
3615 1.000000000
3616 1.000000000
3617 1.000000000
3618 2.000000000
3619 4.000000000
3620 1.000000000
3621 1.000000000
3622 1.000000000
3623 1.000000000
3624 1.000000000
3625 1.000000000
3626 2.000000000
3627 2.000000000
3628 1.000000000
3629 1.000000000
3630 2.000000000
3631 2.000000000
3632 2.000000000
3633 3.000000000
3634 3.000000000
3635 2.000000000
3636 2.000000000
3637 1.000000000
3638 1.000000000
3639 1.000000000
3640 1.000000000
3641 1.000000000
3642 1.000000000
3643 1.000000000
3644 1.000000000
3645 1.000000000
3646 1.000000000
3647 1.000000000
3648 1.000000000
3649 1.000000000
3650 1.000000000
3651 1.000000000
3652 1.000000000
3653 1.000000000
3654 1.000000000
3655 1.000000000
3656 1.000000000
3657 1.000000000
3658 1.000000000
3659 1.000000000
3660 1.000000000
3661 1.000000000
3662 1.000000000
3663 1.000000000
3664 2.000000000
3665 1.000000000
3666 2.000000000
3667 2.000000000
3668 1.000000000
3669 1.000000000
3670 1.000000000
3671 1.000000000
3672 1.000000000
3673 1.000000000
3674 1.000000000
3675 1.000000000
3676 1.000000000
3677 1.000000000
3678 1.000000000
3679 1.000000000
3680 1.000000000
3681 1.000000000
3682 1.000000000
3683 1.000000000
3684 1.000000000
3685 1.000000000
3686 1.000000000
3687 1.000000000
3688 2.000000000
3689 1.000000000
3690 1.000000000
3691 1.000000000
3692 1.000000000
