424648 0.081923500

0 4.000000000
1 3.000000000
2 2.000000000
3 3.000000000
4 25.000000000
5 4.000000000
6 7.000000000
7 6.000000000
8 9.000000000
10 37.000000000
11 135.000000000
12 38.000000000
13 5.000000000
14 5.000000000
16 2.000000000
17 1.000000000
18 1.000000000
19 3.000000000
21 10.000000000
22 8.000000000
23 7.000000000
24 5.000000000
25 4.000000000
26 5.000000000
27 5.000000000
28 4.000000000
29 1.000000000
30 2.000000000
31 1.000000000
32 1.000000000
33 1.000000000
34 1.000000000
35 4.000000000
36 3.000000000
37 8.000000000
40 1.000000000
41 1.000000000
42 5.000000000
43 5.000000000
44 6.000000000
45 7.000000000
46 1.000000000
47 1.000000000
48 2.000000000
49 22.000000000
50 2.000000000
51 5.000000000
52 5.000000000
53 4.000000000
54 4.000000000
55 4.000000000
56 4.000000000
57 4.000000000
58 4.000000000
59 4.000000000
60 4.000000000
61 4.000000000
63 8.000000000
64 8.000000000
65 2.000000000
66 2.000000000
67 2.000000000
68 2.000000000
69 5.000000000
70 1.000000000
71 3.000000000
72 1.000000000
73 2.000000000
74 2.000000000
75 2.000000000
76 17.000000000
77 6.000000000
78 6.000000000
79 1.000000000
80 1.000000000
81 1.000000000
82 5.000000000
83 6.000000000
84 5.000000000
85 5.000000000
86 5.000000000
87 5.000000000
88 6.000000000
89 2.000000000
90 15.000000000
91 5.000000000
92 3.000000000
93 7.000000000
94 3.000000000
95 2.000000000
96 4.000000000
97 5.000000000
98 1.000000000
99 3.000000000
100 1.000000000
101 1.000000000
102 4.000000000
103 2.000000000
104 4.000000000
105 5.000000000
106 4.000000000
107 1.000000000
108 3.000000000
109 1.000000000
110 1.000000000
111 2.000000000
112 1.000000000
113 4.000000000
114 4.000000000
115 3.000000000
116 4.000000000
117 1.000000000
118 1.000000000
119 1.000000000
120 1.000000000
122 1.000000000
123 4.000000000
124 1.000000000
125 1.000000000
126 1.000000000
127 4.000000000
128 2.000000000
129 1.000000000
130 1.000000000
131 2.000000000
132 5.000000000
133 1.000000000
134 1.000000000
135 24.000000000
136 4.000000000
137 1.000000000
138 1.000000000
139 3.000000000
140 3.000000000
141 3.000000000
142 3.000000000
143 1.000000000
144 1.000000000
145 1.000000000
146 1.000000000
147 1.000000000
148 1.000000000
149 10.000000000
150 10.000000000
151 10.000000000
152 10.000000000
153 10.000000000
154 10.000000000
155 10.000000000
156 10.000000000
157 10.000000000
158 10.000000000
159 10.000000000
160 5.000000000
161 1.000000000
162 1.000000000
163 1.000000000
164 4.000000000
165 2.000000000
166 4.000000000
167 2.000000000
168 2.000000000
169 2.000000000
170 2.000000000
171 2.000000000
172 1.000000000
173 1.000000000
174 1.000000000
175 1.000000000
176 2.000000000
177 83.000000000
178 13.000000000
179 4.000000000
180 3.000000000
181 3.000000000
182 3.000000000
183 3.000000000
184 3.000000000
185 16.000000000
186 8.000000000
187 9.000000000
188 1.000000000
189 1.000000000
190 4.000000000
193 4.000000000
194 6.000000000
195 2.000000000
196 1.000000000
197 1.000000000
198 9.000000000
199 9.000000000
200 4.000000000
201 9.000000000
202 9.000000000
203 1.000000000
204 1.000000000
206 14.000000000
207 1.000000000
208 3.000000000
210 5.000000000
212 4.000000000
213 2.000000000
215 1.000000000
216 1.000000000
219 1.000000000
221 2.000000000
222 2.000000000
223 2.000000000
224 2.000000000
225 2.000000000
226 3.000000000
227 3.000000000
228 12.000000000
229 12.000000000
230 12.000000000
231 12.000000000
232 12.000000000
233 12.000000000
234 12.000000000
235 12.000000000
236 12.000000000
237 11.000000000
238 12.000000000
239 161.000000000
240 23.000000000
241 1.000000000
242 1.000000000
243 7.000000000
244 9.000000000
245 2.000000000
246 3.000000000
247 1.000000000
248 19.000000000
249 2.000000000
250 3.000000000
251 3.000000000
252 3.000000000
253 2.000000000
254 1.000000000
255 2.000000000
256 1.000000000
257 1.000000000
258 1.000000000
259 2.000000000
260 9.000000000
261 10.000000000
262 5.000000000
263 5.000000000
264 1.000000000
265 1.000000000
266 5.000000000
267 2.000000000
268 5.000000000
269 1.000000000
270 7.000000000
271 5.000000000
272 5.000000000
273 9.000000000
274 5.000000000
275 3.000000000
276 2.000000000
277 3.000000000
278 3.000000000
279 3.000000000
280 4.000000000
281 1.000000000
282 6.000000000
283 4.000000000
284 1.000000000
285 1.000000000
286 4.000000000
287 3.000000000
288 12.000000000
289 4.000000000
290 2.000000000
291 4.000000000
292 4.000000000
293 1.000000000
295 3.000000000
296 3.000000000
297 3.000000000
298 3.000000000
299 21.000000000
300 3.000000000
301 3.000000000
302 3.000000000
303 61.000000000
304 11.000000000
305 11.000000000
306 11.000000000
307 11.000000000
308 11.000000000
309 11.000000000
310 11.000000000
311 11.000000000
312 11.000000000
313 11.000000000
314 11.000000000
315 11.000000000
316 8.000000000
317 8.000000000
318 46.000000000
319 48.000000000
320 8.000000000
321 8.000000000
322 8.000000000
323 8.000000000
324 54.000000000
325 2.000000000
326 2.000000000
327 56.000000000
328 48.000000000
329 48.000000000
330 48.000000000
331 48.000000000
332 54.000000000
333 48.000000000
334 48.000000000
335 48.000000000
336 48.000000000
337 48.000000000
338 48.000000000
339 48.000000000
340 48.000000000
341 48.000000000
342 48.000000000
343 48.000000000
344 48.000000000
345 48.000000000
346 48.000000000
347 48.000000000
348 48.000000000
349 48.000000000
350 48.000000000
351 48.000000000
352 48.000000000
353 48.000000000
354 48.000000000
355 48.000000000
356 48.000000000
357 48.000000000
358 48.000000000
359 48.000000000
360 48.000000000
361 48.000000000
362 48.000000000
363 48.000000000
364 48.000000000
365 48.000000000
366 48.000000000
367 48.000000000
368 48.000000000
369 48.000000000
370 48.000000000
371 48.000000000
372 48.000000000
373 48.000000000
374 48.000000000
375 10.000000000
376 10.000000000
377 10.000000000
378 2.000000000
379 11.000000000
380 2.000000000
381 2.000000000
382 2.000000000
383 3.000000000
384 1.000000000
385 1.000000000
386 2.000000000
387 2.000000000
388 2.000000000
389 2.000000000
390 11.000000000
391 1.000000000
392 23.000000000
393 3.000000000
394 2.000000000
395 1.000000000
396 2.000000000
397 2.000000000
398 2.000000000
399 4.000000000
400 1.000000000
401 1.000000000
402 1.000000000
403 1.000000000
404 2.000000000
405 2.000000000
406 4.000000000
407 1.000000000
408 9.000000000
409 8.000000000
410 7.000000000
411 1.000000000
412 1.000000000
413 7.000000000
414 7.000000000
415 7.000000000
416 3.000000000
417 47.000000000
418 45.000000000
419 47.000000000
420 3.000000000
421 40.000000000
422 4.000000000
423 2.000000000
424 4.000000000
425 2.000000000
426 13.000000000
427 13.000000000
428 13.000000000
429 13.000000000
430 13.000000000
431 13.000000000
432 13.000000000
433 12.000000000
434 13.000000000
435 12.000000000
436 18.000000000
437 18.000000000
438 18.000000000
439 6.000000000
440 5.000000000
441 7.000000000
442 5.000000000
443 30.000000000
444 6.000000000
445 5.000000000
446 5.000000000
447 11.000000000
448 2.000000000
449 4.000000000
450 4.000000000
451 5.000000000
452 4.000000000
453 2.000000000
454 4.000000000
455 5.000000000
456 2.000000000
457 2.000000000
458 2.000000000
459 1.000000000
460 8.000000000
461 2.000000000
462 26.000000000
463 5.000000000
464 4.000000000
465 4.000000000
466 7.000000000
467 3.000000000
468 3.000000000
469 3.000000000
470 3.000000000
471 3.000000000
472 1.000000000
473 1.000000000
474 6.000000000
475 6.000000000
476 6.000000000
477 6.000000000
478 6.000000000
479 6.000000000
480 6.000000000
481 25.000000000
482 22.000000000
483 38.000000000
484 8.000000000
485 22.000000000
486 8.000000000
487 11.000000000
488 8.000000000
489 8.000000000
490 3.000000000
491 3.000000000
492 3.000000000
493 6.000000000
494 2.000000000
495 57.000000000
496 14.000000000
497 14.000000000
498 14.000000000
499 14.000000000
500 14.000000000
501 14.000000000
502 14.000000000
503 14.000000000
504 14.000000000
505 14.000000000
506 39.000000000
507 39.000000000
508 14.000000000
509 5.000000000
510 3.000000000
511 3.000000000
512 13.000000000
513 2.000000000
514 2.000000000
515 4.000000000
516 3.000000000
517 2.000000000
518 1.000000000
519 1.000000000
520 1.000000000
521 10.000000000
522 10.000000000
523 10.000000000
524 10.000000000
525 9.000000000
526 10.000000000
527 9.000000000
528 10.000000000
529 10.000000000
530 12.000000000
531 12.000000000
532 12.000000000
533 36.000000000
534 12.000000000
535 12.000000000
536 12.000000000
537 36.000000000
538 12.000000000
539 11.000000000
540 2.000000000
541 2.000000000
542 2.000000000
543 1.000000000
544 1.000000000
545 2.000000000
546 2.000000000
547 2.000000000
548 2.000000000
549 1.000000000
550 1.000000000
551 3.000000000
552 2.000000000
553 2.000000000
554 3.000000000
555 26.000000000
556 23.000000000
557 26.000000000
558 27.000000000
559 33.000000000
560 27.000000000
561 24.000000000
562 34.000000000
563 26.000000000
564 24.000000000
565 24.000000000
566 34.000000000
567 34.000000000
568 24.000000000
569 32.000000000
570 31.000000000
571 26.000000000
572 45.000000000
573 2.000000000
574 2.000000000
575 6.000000000
576 2.000000000
577 2.000000000
578 23.000000000
579 14.000000000
580 14.000000000
581 14.000000000
582 14.000000000
583 14.000000000
584 11.000000000
585 2.000000000
586 40.000000000
587 2.000000000
588 3.000000000
589 1.000000000
590 2.000000000
591 13.000000000
592 2.000000000
593 2.000000000
594 2.000000000
595 2.000000000
596 1.000000000
597 1.000000000
598 1.000000000
599 2.000000000
600 1.000000000
601 2.000000000
602 1.000000000
603 1.000000000
604 3.000000000
605 3.000000000
606 3.000000000
607 3.000000000
608 1.000000000
609 1.000000000
610 1.000000000
611 12.000000000
612 5.000000000
613 12.000000000
614 1.000000000
615 1.000000000
616 1.000000000
617 1.000000000
618 1.000000000
619 1.000000000
620 3.000000000
621 1.000000000
622 8.000000000
623 21.000000000
624 21.000000000
625 8.000000000
626 8.000000000
627 21.000000000
628 1.000000000
629 1.000000000
630 62.000000000
631 18.000000000
632 18.000000000
633 18.000000000
634 18.000000000
635 18.000000000
636 18.000000000
637 18.000000000
638 7.000000000
639 4.000000000
640 4.000000000
641 4.000000000
642 7.000000000
643 3.000000000
644 1.000000000
645 2.000000000
646 2.000000000
647 4.000000000
648 4.000000000
649 4.000000000
650 17.000000000
651 27.000000000
652 22.000000000
653 5.000000000
654 5.000000000
655 4.000000000
656 6.000000000
657 6.000000000
658 7.000000000
659 10.000000000
660 28.000000000
661 10.000000000
662 10.000000000
663 10.000000000
664 7.000000000
665 7.000000000
666 8.000000000
669 9.000000000
670 9.000000000
671 9.000000000
672 9.000000000
673 7.000000000
674 9.000000000
676 1.000000000
677 8.000000000
678 1.000000000
679 1.000000000
680 1.000000000
681 1.000000000
682 1.000000000
683 1.000000000
684 1.000000000
685 1.000000000
686 1.000000000
687 2.000000000
688 1.000000000
689 12.000000000
690 4.000000000
691 4.000000000
692 4.000000000
693 4.000000000
694 9.000000000
695 5.000000000
696 5.000000000
697 5.000000000
698 5.000000000
699 4.000000000
700 4.000000000
701 4.000000000
702 4.000000000
703 8.000000000
704 8.000000000
705 86.000000000
706 8.000000000
707 8.000000000
708 8.000000000
709 8.000000000
710 2.000000000
711 1.000000000
712 2.000000000
713 2.000000000
714 2.000000000
715 2.000000000
716 1.000000000
717 5.000000000
718 9.000000000
719 9.000000000
720 9.000000000
721 8.000000000
722 19.000000000
723 22.000000000
724 23.000000000
725 16.000000000
726 19.000000000
727 27.000000000
728 18.000000000
729 23.000000000
730 27.000000000
731 5.000000000
732 5.000000000
733 5.000000000
734 5.000000000
735 8.000000000
736 15.000000000
737 26.000000000
738 18.000000000
739 21.000000000
740 18.000000000
741 12.000000000
742 18.000000000
743 25.000000000
744 13.000000000
745 13.000000000
746 13.000000000
747 13.000000000
748 15.000000000
749 1.000000000
750 3.000000000
751 1.000000000
752 1.000000000
753 1.000000000
754 1.000000000
755 1.000000000
756 1.000000000
757 2.000000000
758 1.000000000
759 1.000000000
760 5.000000000
761 5.000000000
762 5.000000000
763 5.000000000
764 1.000000000
765 1.000000000
766 3.000000000
767 3.000000000
768 3.000000000
769 1.000000000
770 1.000000000
771 17.000000000
772 4.000000000
773 4.000000000
774 4.000000000
775 4.000000000
776 4.000000000
777 7.000000000
778 7.000000000
779 7.000000000
780 7.000000000
781 7.000000000
782 7.000000000
783 7.000000000
784 5.000000000
785 5.000000000
786 5.000000000
789 2.000000000
790 2.000000000
791 2.000000000
792 3.000000000
793 3.000000000
794 4.000000000
795 2.000000000
796 2.000000000
797 2.000000000
798 1.000000000
799 1.000000000
800 7.000000000
801 2.000000000
802 7.000000000
803 13.000000000
804 13.000000000
805 12.000000000
806 1.000000000
807 2.000000000
808 2.000000000
809 2.000000000
810 3.000000000
811 3.000000000
812 12.000000000
813 5.000000000
814 5.000000000
815 7.000000000
816 6.000000000
817 7.000000000
818 6.000000000
819 5.000000000
820 5.000000000
821 2.000000000
822 1.000000000
823 1.000000000
824 1.000000000
825 4.000000000
826 4.000000000
827 4.000000000
828 1.000000000
830 11.000000000
831 6.000000000
832 6.000000000
833 8.000000000
834 3.000000000
835 3.000000000
836 2.000000000
837 2.000000000
838 4.000000000
839 4.000000000
840 4.000000000
842 1.000000000
843 2.000000000
844 2.000000000
845 2.000000000
848 4.000000000
849 4.000000000
850 4.000000000
851 4.000000000
852 4.000000000
853 2.000000000
854 2.000000000
855 31.000000000
856 31.000000000
857 31.000000000
858 31.000000000
859 31.000000000
860 31.000000000
861 33.000000000
862 31.000000000
863 31.000000000
864 42.000000000
865 31.000000000
866 31.000000000
867 31.000000000
868 31.000000000
869 31.000000000
870 31.000000000
871 31.000000000
872 31.000000000
873 31.000000000
874 31.000000000
875 31.000000000
876 31.000000000
877 31.000000000
878 31.000000000
879 34.000000000
880 31.000000000
881 31.000000000
882 31.000000000
883 31.000000000
884 31.000000000
885 31.000000000
886 31.000000000
887 8.000000000
888 8.000000000
889 8.000000000
890 7.000000000
891 8.000000000
892 8.000000000
893 8.000000000
894 8.000000000
895 7.000000000
896 2.000000000
897 2.000000000
898 2.000000000
899 2.000000000
900 2.000000000
901 5.000000000
902 5.000000000
903 5.000000000
904 5.000000000
905 5.000000000
906 5.000000000
907 15.000000000
908 15.000000000
909 15.000000000
910 15.000000000
911 15.000000000
912 15.000000000
913 15.000000000
914 15.000000000
915 15.000000000
916 15.000000000
917 15.000000000
918 15.000000000
919 15.000000000
920 15.000000000
921 15.000000000
922 15.000000000
923 9.000000000
924 14.000000000
925 14.000000000
926 9.000000000
927 10.000000000
928 14.000000000
929 12.000000000
930 12.000000000
931 12.000000000
932 7.000000000
933 7.000000000
934 7.000000000
935 7.000000000
936 7.000000000
937 1.000000000
938 1.000000000
939 2.000000000
940 2.000000000
941 2.000000000
942 6.000000000
943 4.000000000
944 6.000000000
945 5.000000000
946 3.000000000
947 3.000000000
948 3.000000000
949 4.000000000
950 6.000000000
951 5.000000000
952 4.000000000
953 5.000000000
954 4.000000000
955 4.000000000
956 1.000000000
957 2.000000000
959 1.000000000
960 1.000000000
961 3.000000000
962 1.000000000
963 2.000000000
964 2.000000000
965 3.000000000
966 3.000000000
967 2.000000000
968 2.000000000
969 2.000000000
970 2.000000000
972 1.000000000
973 1.000000000
974 2.000000000
975 2.000000000
976 2.000000000
978 4.000000000
979 2.000000000
997 8.000000000
998 8.000000000
999 3.000000000
1000 4.000000000
1001 8.000000000
1002 3.000000000
1003 5.000000000
1004 5.000000000
1005 4.000000000
1006 5.000000000
1007 5.000000000
1008 3.000000000
1009 4.000000000
1010 4.000000000
1011 4.000000000
1012 3.000000000
1013 3.000000000
1014 3.000000000
1015 3.000000000
1016 3.000000000
1022 1.000000000
1023 3.000000000
1024 3.000000000
1025 3.000000000
1026 3.000000000
1027 30.000000000
1028 30.000000000
1029 30.000000000
1030 30.000000000
1031 30.000000000
1032 30.000000000
1033 30.000000000
1034 30.000000000
1035 30.000000000
1036 30.000000000
1037 30.000000000
1038 30.000000000
1039 30.000000000
1040 30.000000000
1041 30.000000000
1042 30.000000000
1043 30.000000000
1044 30.000000000
1045 30.000000000
1046 30.000000000
1047 30.000000000
1048 30.000000000
1049 30.000000000
1050 30.000000000
1051 30.000000000
1052 30.000000000
1053 30.000000000
1054 30.000000000
1055 30.000000000
1056 30.000000000
1057 30.000000000
1058 53.000000000
1059 53.000000000
1060 53.000000000
1061 53.000000000
1062 53.000000000
1063 53.000000000
1064 53.000000000
1065 53.000000000
1066 53.000000000
1067 53.000000000
1068 53.000000000
1069 53.000000000
1070 53.000000000
1071 53.000000000
1072 53.000000000
1073 53.000000000
1074 53.000000000
1075 53.000000000
1076 53.000000000
1077 53.000000000
1078 53.000000000
1079 53.000000000
1080 53.000000000
1081 53.000000000
1082 53.000000000
1083 53.000000000
1084 53.000000000
1085 53.000000000
1086 53.000000000
1087 53.000000000
1088 53.000000000
1089 53.000000000
1090 53.000000000
1091 53.000000000
1092 53.000000000
1093 53.000000000
1094 53.000000000
1095 53.000000000
1096 53.000000000
1097 53.000000000
1098 53.000000000
1099 53.000000000
1100 53.000000000
1101 53.000000000
1102 53.000000000
1103 53.000000000
1104 53.000000000
1105 53.000000000
1106 53.000000000
1107 53.000000000
1108 53.000000000
1109 53.000000000
1110 53.000000000
1111 53.000000000
1112 3.000000000
1113 2.000000000
1114 7.000000000
1115 2.000000000
1116 2.000000000
1117 1.000000000
1118 1.000000000
1119 4.000000000
1120 5.000000000
1121 5.000000000
1122 6.000000000
1123 3.000000000
1124 3.000000000
1125 3.000000000
1126 3.000000000
1127 2.000000000
1128 2.000000000
1129 2.000000000
1130 3.000000000
1131 3.000000000
1132 3.000000000
1133 3.000000000
1134 1.000000000
1135 1.000000000
1136 2.000000000
1137 2.000000000
1138 2.000000000
1139 17.000000000
1140 15.000000000
1141 15.000000000
1142 15.000000000
1143 15.000000000
1144 15.000000000
1145 15.000000000
1146 15.000000000
1147 17.000000000
1148 15.000000000
1149 15.000000000
1150 15.000000000
1151 15.000000000
1152 15.000000000
1153 15.000000000
1154 15.000000000
1155 4.000000000
1156 9.000000000
1157 11.000000000
1158 4.000000000
1159 14.000000000
1160 1.000000000
1161 1.000000000
1162 1.000000000
1163 1.000000000
1164 1.000000000
1165 1.000000000
1166 1.000000000
1167 1.000000000
1168 1.000000000
1169 1.000000000
1170 10.000000000
1171 4.000000000
1172 4.000000000
1173 10.000000000
1174 4.000000000
1175 6.000000000
1176 3.000000000
1177 3.000000000
1178 3.000000000
1179 12.000000000
1180 1.000000000
1181 3.000000000
1182 5.000000000
1183 1.000000000
1184 2.000000000
1185 1.000000000
1186 1.000000000
1187 1.000000000
1188 1.000000000
1189 2.000000000
1190 2.000000000
1191 4.000000000
1192 5.000000000
1193 5.000000000
1194 75.000000000
1195 70.000000000
1196 6.000000000
1197 6.000000000
1198 75.000000000
1199 75.000000000
1200 70.000000000
1201 4.000000000
1202 3.000000000
1203 4.000000000
1204 3.000000000
1205 2.000000000
1206 4.000000000
1207 8.000000000
1208 9.000000000
1209 9.000000000
1210 9.000000000
1211 9.000000000
1212 9.000000000
1213 9.000000000
1214 9.000000000
1215 9.000000000
1216 8.000000000
1217 21.000000000
1218 21.000000000
1219 21.000000000
1220 15.000000000
1221 8.000000000
1222 1.000000000
1223 3.000000000
1224 1.000000000
1225 1.000000000
1226 2.000000000
1227 2.000000000
1228 1.000000000
1229 1.000000000
1230 1.000000000
1231 1.000000000
1232 1.000000000
1233 1.000000000
1234 1.000000000
1235 1.000000000
1236 2.000000000
1237 1.000000000
1238 4.000000000
1239 1.000000000
1240 1.000000000
1241 1.000000000
1242 1.000000000
1243 4.000000000
1244 5.000000000
1245 5.000000000
1246 5.000000000
1247 3.000000000
1248 4.000000000
1249 2.000000000
1250 5.000000000
1251 3.000000000
1252 5.000000000
1253 3.000000000
1254 3.000000000
1255 3.000000000
1256 4.000000000
1257 2.000000000
1258 1.000000000
1259 1.000000000
1260 6.000000000
1261 4.000000000
1262 3.000000000
1263 8.000000000
1264 3.000000000
1265 8.000000000
1266 8.000000000
1267 7.000000000
1268 8.000000000
1269 8.000000000
1270 8.000000000
1271 8.000000000
1272 8.000000000
1273 35.000000000
1274 35.000000000
1275 35.000000000
1276 40.000000000
1277 35.000000000
1278 35.000000000
1279 41.000000000
1280 41.000000000
1281 41.000000000
1282 41.000000000
1283 41.000000000
1284 41.000000000
1285 41.000000000
1286 37.000000000
1287 37.000000000
1288 35.000000000
1289 35.000000000
1290 35.000000000
1291 41.000000000
1292 41.000000000
1293 35.000000000
1294 35.000000000
1295 40.000000000
1296 41.000000000
1297 35.000000000
1298 35.000000000
1299 35.000000000
1300 35.000000000
1301 35.000000000
1302 35.000000000
1303 37.000000000
1304 35.000000000
1305 35.000000000
1306 4.000000000
1307 3.000000000
1308 2.000000000
1309 4.000000000
1310 2.000000000
1311 2.000000000
1312 3.000000000
1313 3.000000000
1314 6.000000000
1316 7.000000000
1317 7.000000000
1318 7.000000000
1319 7.000000000
1320 7.000000000
1321 7.000000000
1322 7.000000000
1323 7.000000000
1324 8.000000000
1325 8.000000000
1326 8.000000000
1327 8.000000000
1328 8.000000000
1329 8.000000000
1330 8.000000000
1331 8.000000000
1332 8.000000000
1333 104.000000000
1334 104.000000000
1335 104.000000000
1336 104.000000000
1337 101.000000000
1338 101.000000000
1339 104.000000000
1340 12.000000000
1341 12.000000000
1342 12.000000000
1343 12.000000000
1344 12.000000000
1345 12.000000000
1346 12.000000000
1347 12.000000000
1348 12.000000000
1349 12.000000000
1350 12.000000000
1351 12.000000000
1352 12.000000000
1353 1.000000000
1354 4.000000000
1355 2.000000000
1356 4.000000000
1357 2.000000000
1358 2.000000000
1359 2.000000000
1360 1.000000000
1361 1.000000000
1362 1.000000000
1363 1.000000000
1365 7.000000000
1366 2.000000000
1367 1.000000000
1368 2.000000000
1369 2.000000000
1370 1.000000000
1371 1.000000000
1372 1.000000000
1373 1.000000000
1374 1.000000000
1375 1.000000000
1376 1.000000000
1377 6.000000000
1378 6.000000000
1379 6.000000000
1380 6.000000000
1381 6.000000000
1382 6.000000000
1383 6.000000000
1384 15.000000000
1385 15.000000000
1386 15.000000000
1387 15.000000000
1388 15.000000000
1389 15.000000000
1390 15.000000000
1391 15.000000000
1392 15.000000000
1393 15.000000000
1394 15.000000000
1395 15.000000000
1396 15.000000000
1397 15.000000000
1398 15.000000000
1399 6.000000000
1400 5.000000000
1401 5.000000000
1402 5.000000000
1403 5.000000000
1404 6.000000000
1405 2.000000000
1406 12.000000000
1407 12.000000000
1408 12.000000000
1409 12.000000000
1410 12.000000000
1411 12.000000000
1412 12.000000000
1413 11.000000000
1414 12.000000000
1415 12.000000000
1416 12.000000000
1417 12.000000000
1418 11.000000000
1419 1.000000000
1420 2.000000000
1421 1.000000000
1422 2.000000000
1423 2.000000000
1424 2.000000000
1425 7.000000000
1426 7.000000000
1427 6.000000000
1428 6.000000000
1429 6.000000000
1430 6.000000000
1431 6.000000000
1432 6.000000000
1433 6.000000000
1434 2.000000000
1435 2.000000000
1436 2.000000000
1437 3.000000000
1438 3.000000000
1439 8.000000000
1440 4.000000000
1441 7.000000000
1442 4.000000000
1443 8.000000000
1444 4.000000000
1445 4.000000000
1446 4.000000000
1447 37.000000000
1448 4.000000000
1449 2.000000000
1450 2.000000000
1451 2.000000000
1452 6.000000000
1453 6.000000000
1454 6.000000000
1455 5.000000000
1456 4.000000000
1457 3.000000000
1458 20.000000000
1459 20.000000000
1460 20.000000000
1461 20.000000000
1462 20.000000000
1463 20.000000000
1464 20.000000000
1465 20.000000000
1466 20.000000000
1467 20.000000000
1468 20.000000000
1469 20.000000000
1470 20.000000000
1471 20.000000000
1472 20.000000000
1473 20.000000000
1474 20.000000000
1475 20.000000000
1476 20.000000000
1477 20.000000000
1478 20.000000000
1479 3.000000000
1480 2.000000000
1481 2.000000000
1482 1.000000000
1483 7.000000000
1484 4.000000000
1485 7.000000000
1486 7.000000000
1487 3.000000000
1488 3.000000000
1489 3.000000000
1490 1.000000000
1491 1.000000000
1492 7.000000000
1493 7.000000000
1494 7.000000000
1495 7.000000000
1496 7.000000000
1497 2.000000000
1498 2.000000000
1499 2.000000000
1500 2.000000000
1501 4.000000000
1502 4.000000000
1503 2.000000000
1504 2.000000000
1505 3.000000000
1506 7.000000000
1507 6.000000000
1508 5.000000000
1509 3.000000000
1510 3.000000000
1511 4.000000000
1512 7.000000000
1513 7.000000000
1514 4.000000000
1515 2.000000000
1516 2.000000000
1517 2.000000000
1518 2.000000000
1519 2.000000000
1520 2.000000000
1521 3.000000000
1522 2.000000000
1523 2.000000000
1524 1.000000000
1525 1.000000000
1526 4.000000000
1527 4.000000000
1528 2.000000000
1529 5.000000000
1530 5.000000000
1531 4.000000000
1532 5.000000000
1533 3.000000000
1534 3.000000000
1535 3.000000000
1536 3.000000000
1537 3.000000000
1538 6.000000000
1539 3.000000000
1540 3.000000000
1541 4.000000000
1542 7.000000000
1543 7.000000000
1544 7.000000000
1545 7.000000000
1546 7.000000000
1547 7.000000000
1548 7.000000000
1549 7.000000000
1550 2.000000000
1551 2.000000000
1552 7.000000000
1553 7.000000000
1554 1.000000000
1555 1.000000000
1556 1.000000000
1557 1.000000000
1558 4.000000000
1559 4.000000000
1560 3.000000000
1561 4.000000000
1562 3.000000000
1563 1.000000000
1564 1.000000000
1565 3.000000000
1566 3.000000000
1567 5.000000000
1568 7.000000000
1569 5.000000000
1570 7.000000000
1571 7.000000000
1572 7.000000000
1573 5.000000000
1574 5.000000000
1575 1.000000000
1576 1.000000000
1577 1.000000000
1578 1.000000000
1579 1.000000000
1580 1.000000000
1581 1.000000000
1582 1.000000000
1583 1.000000000
1584 1.000000000
1585 1.000000000
1586 1.000000000
1587 2.000000000
1588 2.000000000
1589 4.000000000
1590 2.000000000
1591 2.000000000
1592 2.000000000
1593 4.000000000
1594 4.000000000
1595 4.000000000
1596 3.000000000
1597 3.000000000
1598 3.000000000
1599 3.000000000
1601 1.000000000
1602 1.000000000
1604 12.000000000
1605 8.000000000
1606 15.000000000
1607 8.000000000
1608 1.000000000
1609 1.000000000
1610 1.000000000
1611 2.000000000
1612 2.000000000
1613 1.000000000
1614 1.000000000
1615 7.000000000
1616 2.000000000
1617 2.000000000
1618 1.000000000
1619 1.000000000
1620 1.000000000
1621 1.000000000
1622 2.000000000
1623 2.000000000
1624 8.000000000
1625 8.000000000
1626 8.000000000
1627 8.000000000
1628 8.000000000
1629 8.000000000
1630 8.000000000
1631 8.000000000
1632 8.000000000
1633 1.000000000
1634 1.000000000
1635 3.000000000
1636 3.000000000
1637 3.000000000
1638 3.000000000
1639 3.000000000
1640 3.000000000
1641 2.000000000
1642 8.000000000
1643 2.000000000
1644 1.000000000
1645 1.000000000
1646 1.000000000
1647 1.000000000
1648 2.000000000
1649 2.000000000
1650 2.000000000
1651 2.000000000
1652 2.000000000
1653 2.000000000
1654 2.000000000
1655 1.000000000
1656 2.000000000
1657 2.000000000
1658 1.000000000
1659 7.000000000
1660 7.000000000
1661 7.000000000
1662 7.000000000
1663 7.000000000
1664 7.000000000
1665 7.000000000
1666 7.000000000
1667 1.000000000
1668 2.000000000
1669 12.000000000
1670 4.000000000
1671 2.000000000
1672 1.000000000
1673 2.000000000
1674 1.000000000
1675 2.000000000
1676 1.000000000
1677 1.000000000
1678 1.000000000
1679 1.000000000
1680 1.000000000
1681 1.000000000
1682 1.000000000
1683 1.000000000
1684 33.000000000
1685 33.000000000
1686 33.000000000
1687 33.000000000
1688 33.000000000
1689 33.000000000
1690 33.000000000
1691 33.000000000
1692 33.000000000
1693 33.000000000
1694 33.000000000
1695 33.000000000
1696 33.000000000
1697 33.000000000
1698 33.000000000
1699 33.000000000
1700 33.000000000
1701 33.000000000
1702 33.000000000
1703 33.000000000
1704 33.000000000
1705 33.000000000
1706 33.000000000
1707 33.000000000
1708 33.000000000
1709 33.000000000
1710 33.000000000
1711 33.000000000
1712 33.000000000
1713 33.000000000
1714 33.000000000
1715 33.000000000
1716 33.000000000
1717 33.000000000
1718 5.000000000
1719 5.000000000
1720 5.000000000
1721 5.000000000
1722 5.000000000
1723 5.000000000
1724 13.000000000
1725 13.000000000
1726 13.000000000
1727 13.000000000
1728 13.000000000
1729 13.000000000
1730 13.000000000
1731 13.000000000
1732 13.000000000
1733 13.000000000
1734 13.000000000
1735 13.000000000
1736 13.000000000
1737 13.000000000
1738 1.000000000
1739 1.000000000
1740 5.000000000
1741 3.000000000
1742 4.000000000
1743 4.000000000
1744 3.000000000
1745 3.000000000
1746 16.000000000
1747 9.000000000
1748 9.000000000
1749 9.000000000
1750 9.000000000
1751 9.000000000
1752 9.000000000
1753 8.000000000
1754 9.000000000
1755 12.000000000
1756 2.000000000
1757 14.000000000
1758 12.000000000
1759 7.000000000
1760 7.000000000
1761 7.000000000
1762 7.000000000
1763 7.000000000
1764 7.000000000
1765 7.000000000
1766 19.000000000
1767 19.000000000
1768 3.000000000
1769 3.000000000
1770 1.000000000
1771 7.000000000
1772 2.000000000
1773 2.000000000
1774 2.000000000
1775 3.000000000
1776 3.000000000
1777 3.000000000
1778 5.000000000
1779 4.000000000
1780 8.000000000
1781 5.000000000
1782 6.000000000
1783 6.000000000
1784 9.000000000
1785 9.000000000
1786 9.000000000
1787 6.000000000
1788 6.000000000
1789 6.000000000
1790 6.000000000
1791 6.000000000
1792 6.000000000
1793 4.000000000
1794 4.000000000
1795 4.000000000
1796 4.000000000
1797 4.000000000
1798 10.000000000
1799 2.000000000
1800 2.000000000
1801 3.000000000
1802 3.000000000
1803 2.000000000
1804 4.000000000
1805 1.000000000
1806 2.000000000
1807 1.000000000
1808 5.000000000
1809 5.000000000
1810 4.000000000
1811 4.000000000
1812 1.000000000
1813 2.000000000
1814 3.000000000
1815 2.000000000
1817 4.000000000
1819 3.000000000
1820 2.000000000
1821 3.000000000
1822 2.000000000
1823 1.000000000
1824 1.000000000
1825 2.000000000
1826 2.000000000
1827 11.000000000
1828 5.000000000
1829 4.000000000
1830 4.000000000
1831 2.000000000
1832 2.000000000
1833 4.000000000
1834 4.000000000
1835 2.000000000
1836 2.000000000
1837 1.000000000
1838 1.000000000
1839 9.000000000
1840 6.000000000
1841 21.000000000
1842 98.000000000
1843 21.000000000
1844 21.000000000
1845 21.000000000
1846 98.000000000
1847 18.000000000
1848 18.000000000
1849 18.000000000
1850 18.000000000
1851 17.000000000
1852 18.000000000
1853 18.000000000
1854 18.000000000
1855 18.000000000
1856 18.000000000
1857 18.000000000
1858 17.000000000
1859 17.000000000
1860 14.000000000
1861 1.000000000
1862 1.000000000
1863 2.000000000
1864 2.000000000
1865 2.000000000
1866 6.000000000
1867 6.000000000
1868 3.000000000
1869 3.000000000
1870 4.000000000
1871 3.000000000
1872 3.000000000
1873 6.000000000
1874 6.000000000
1875 6.000000000
1876 6.000000000
1877 6.000000000
1878 10.000000000
1879 14.000000000
1880 13.000000000
1881 10.000000000
1882 10.000000000
1883 14.000000000
1884 10.000000000
1885 14.000000000
1886 14.000000000
1887 14.000000000
1888 13.000000000
1889 10.000000000
1890 10.000000000
1891 10.000000000
1892 10.000000000
1893 18.000000000
1894 18.000000000
1895 18.000000000
1896 18.000000000
1897 18.000000000
1898 18.000000000
1899 18.000000000
1900 18.000000000
1901 15.000000000
1902 18.000000000
1903 18.000000000
1904 18.000000000
1905 18.000000000
1906 18.000000000
1907 18.000000000
1908 18.000000000
1909 15.000000000
1910 9.000000000
1911 9.000000000
1912 9.000000000
1913 9.000000000
1914 9.000000000
1915 6.000000000
1916 15.000000000
1917 6.000000000
1918 6.000000000
1919 6.000000000
1920 6.000000000
1921 6.000000000
1922 6.000000000
1923 6.000000000
1924 3.000000000
1925 3.000000000
1926 1.000000000
1927 1.000000000
1928 8.000000000
1929 10.000000000
1930 10.000000000
1931 10.000000000
1932 9.000000000
1933 10.000000000
1934 8.000000000
1935 9.000000000
1936 8.000000000
1937 11.000000000
1938 11.000000000
1939 10.000000000
1940 10.000000000
1941 10.000000000
1942 1.000000000
1943 1.000000000
1944 1.000000000
1945 1.000000000
1946 2.000000000
1947 2.000000000
1948 2.000000000
1949 2.000000000
1950 1.000000000
1951 5.000000000
1952 8.000000000
1953 6.000000000
1954 8.000000000
1955 5.000000000
1956 6.000000000
1957 5.000000000
1958 5.000000000
1959 6.000000000
1960 4.000000000
1961 4.000000000
1962 3.000000000
1963 4.000000000
1964 1.000000000
1965 1.000000000
1966 2.000000000
1967 2.000000000
1968 2.000000000
1969 3.000000000
1970 3.000000000
1971 2.000000000
1972 2.000000000
1973 2.000000000
1974 2.000000000
1975 3.000000000
1976 3.000000000
1977 2.000000000
1978 5.000000000
1979 5.000000000
1980 5.000000000
1981 5.000000000
1982 5.000000000
1983 5.000000000
1984 15.000000000
1985 16.000000000
1986 16.000000000
1987 16.000000000
1988 16.000000000
1989 16.000000000
1990 20.000000000
1991 16.000000000
1992 16.000000000
1993 16.000000000
1994 16.000000000
1995 16.000000000
1996 16.000000000
1997 16.000000000
1998 16.000000000
1999 4.000000000
2000 5.000000000
2001 5.000000000
2002 9.000000000
2003 6.000000000
2004 6.000000000
2005 5.000000000
2006 6.000000000
2007 6.000000000
2008 2.000000000
2009 1.000000000
2012 5.000000000
2013 5.000000000
2014 3.000000000
2015 3.000000000
2016 9.000000000
2017 10.000000000
2018 10.000000000
2019 10.000000000
2020 12.000000000
2021 12.000000000
2022 12.000000000
2023 12.000000000
2024 6.000000000
2025 6.000000000
2026 14.000000000
2027 14.000000000
2028 14.000000000
2029 14.000000000
2030 14.000000000
2031 33.000000000
2032 14.000000000
2033 33.000000000
2034 33.000000000
2035 14.000000000
2036 33.000000000
2037 19.000000000
2038 25.000000000
2039 19.000000000
2040 19.000000000
2041 25.000000000
2042 18.000000000
2043 19.000000000
2044 19.000000000
2045 19.000000000
2046 19.000000000
2047 19.000000000
2048 19.000000000
2049 12.000000000
2050 9.000000000
2051 26.000000000
2052 7.000000000
2053 9.000000000
2054 9.000000000
2055 7.000000000
2056 7.000000000
2057 7.000000000
2058 7.000000000
2059 12.000000000
2060 27.000000000
2061 81.000000000
2062 7.000000000
2063 18.000000000
2064 10.000000000
2065 8.000000000
2066 7.000000000
2067 8.000000000
2068 19.000000000
2069 9.000000000
2070 7.000000000
2071 7.000000000
2072 2.000000000
2073 6.000000000
2074 6.000000000
2075 6.000000000
2076 6.000000000
2077 6.000000000
2078 53.000000000
2079 53.000000000
2080 53.000000000
2081 53.000000000
2082 53.000000000
2083 53.000000000
2084 53.000000000
2085 51.000000000
2086 53.000000000
2087 53.000000000
2088 53.000000000
2089 51.000000000
2090 56.000000000
2091 53.000000000
2092 53.000000000
2093 53.000000000
2094 53.000000000
2095 53.000000000
2096 53.000000000
2097 53.000000000
2098 53.000000000
2099 53.000000000
2100 53.000000000
2101 53.000000000
2102 53.000000000
2103 53.000000000
2104 53.000000000
2105 53.000000000
2106 53.000000000
2107 51.000000000
2108 53.000000000
2109 53.000000000
2110 53.000000000
2111 53.000000000
2112 53.000000000
2113 53.000000000
2114 53.000000000
2115 53.000000000
2116 53.000000000
2117 53.000000000
2118 53.000000000
2119 53.000000000
2120 53.000000000
2121 53.000000000
2122 53.000000000
2123 53.000000000
2124 53.000000000
2125 53.000000000
2126 51.000000000
2127 53.000000000
2128 49.000000000
2129 49.000000000
2130 49.000000000
2131 49.000000000
2132 2.000000000
2133 7.000000000
2134 2.000000000
2135 7.000000000
2136 2.000000000
2137 2.000000000
2138 3.000000000
2139 2.000000000
2140 2.000000000
2141 2.000000000
2142 3.000000000
2143 3.000000000
2144 3.000000000
2145 5.000000000
2146 2.000000000
2147 2.000000000
2148 2.000000000
2149 4.000000000
2150 4.000000000
2151 2.000000000
2152 2.000000000
2153 2.000000000
2154 72.000000000
2155 3.000000000
2156 3.000000000
2157 3.000000000
2158 3.000000000
2159 2.000000000
2160 6.000000000
2161 4.000000000
2162 3.000000000
2163 3.000000000
2164 1.000000000
2165 1.000000000
2166 1.000000000
2167 1.000000000
2168 8.000000000
2169 8.000000000
2170 8.000000000
2171 8.000000000
2172 8.000000000
2173 7.000000000
2174 7.000000000
2175 3.000000000
2176 3.000000000
2177 1.000000000
2178 3.000000000
2179 2.000000000
2180 3.000000000
2181 18.000000000
2182 2.000000000
2183 1.000000000
2184 1.000000000
2185 3.000000000
2186 3.000000000
2187 2.000000000
2188 2.000000000
2189 1.000000000
2190 1.000000000
2191 3.000000000
2192 3.000000000
2193 9.000000000
2194 9.000000000
2195 3.000000000
2196 3.000000000
2197 3.000000000
2198 3.000000000
2199 3.000000000
2200 3.000000000
2201 3.000000000
2202 3.000000000
2203 3.000000000
2204 3.000000000
2205 3.000000000
2206 3.000000000
2207 3.000000000
2208 4.000000000
2209 3.000000000
2210 3.000000000
2211 3.000000000
2212 3.000000000
2213 3.000000000
2214 3.000000000
2215 6.000000000
2216 6.000000000
2217 3.000000000
2218 3.000000000
2219 3.000000000
2220 3.000000000
2221 3.000000000
2222 3.000000000
2223 4.000000000
2224 4.000000000
2225 4.000000000
2226 4.000000000
2227 3.000000000
2228 3.000000000
2229 3.000000000
2230 3.000000000
2231 2.000000000
2232 2.000000000
2233 3.000000000
2234 3.000000000
2235 2.000000000
2236 2.000000000
2237 3.000000000
2238 3.000000000
2239 50.000000000
2240 2.000000000
2241 2.000000000
2242 2.000000000
2243 4.000000000
2244 4.000000000
2245 2.000000000
2246 2.000000000
2247 3.000000000
2248 3.000000000
2249 3.000000000
2250 3.000000000
2251 2.000000000
2252 2.000000000
2253 2.000000000
2254 1.000000000
2255 2.000000000
2256 2.000000000
2257 74.000000000
2258 4.000000000
2259 74.000000000
2260 43.000000000
2261 74.000000000
2262 1.000000000
2263 1.000000000
2264 3.000000000
2265 3.000000000
2266 2.000000000
2267 6.000000000
2268 6.000000000
2269 6.000000000
2270 6.000000000
2271 6.000000000
2272 6.000000000
2273 6.000000000
2274 2.000000000
2275 2.000000000
2276 2.000000000
2277 10.000000000
2278 10.000000000
2279 10.000000000
2280 10.000000000
2281 10.000000000
2282 10.000000000
2283 13.000000000
2284 10.000000000
2285 10.000000000
2286 10.000000000
2287 10.000000000
2288 2.000000000
2289 2.000000000
2290 2.000000000
2291 2.000000000
2292 2.000000000
2293 1.000000000
2294 1.000000000
2295 3.000000000
2296 2.000000000
2297 3.000000000
2298 2.000000000
2299 2.000000000
2300 3.000000000
2301 3.000000000
2302 2.000000000
2303 2.000000000
2304 3.000000000
2305 2.000000000
2306 2.000000000
2307 1.000000000
2308 2.000000000
2309 2.000000000
2310 1.000000000
2311 2.000000000
2312 2.000000000
2313 1.000000000
2314 1.000000000
2315 2.000000000
2316 2.000000000
2317 1.000000000
2318 1.000000000
2319 1.000000000
2320 2.000000000
2321 2.000000000
2322 2.000000000
2323 2.000000000
2324 2.000000000
2325 2.000000000
2326 2.000000000
2327 2.000000000
2328 2.000000000
2329 2.000000000
2330 2.000000000
2331 3.000000000
2332 3.000000000
2333 4.000000000
2334 3.000000000
2335 13.000000000
2336 13.000000000
2337 11.000000000
2338 13.000000000
2339 13.000000000
2340 13.000000000
2341 13.000000000
2342 13.000000000
2343 13.000000000
2344 27.000000000
2345 13.000000000
2346 13.000000000
2347 12.000000000
2348 12.000000000
2349 3.000000000
2350 2.000000000
2351 1.000000000
2352 1.000000000
2353 2.000000000
2354 1.000000000
2355 1.000000000
2356 1.000000000
2357 1.000000000
2358 2.000000000
2359 4.000000000
2360 4.000000000
2361 4.000000000
2362 4.000000000
2363 1.000000000
2364 1.000000000
2365 6.000000000
2366 1.000000000
2367 1.000000000
2368 1.000000000
2369 1.000000000
2370 6.000000000
2371 6.000000000
2372 6.000000000
2373 6.000000000
2374 6.000000000
2375 6.000000000
2376 6.000000000
2377 1.000000000
2378 1.000000000
2379 2.000000000
2380 1.000000000
2381 1.000000000
2382 2.000000000
2383 2.000000000
2384 2.000000000
2385 2.000000000
2386 2.000000000
2387 2.000000000
2388 2.000000000
2389 2.000000000
2390 2.000000000
2391 3.000000000
2392 3.000000000
2393 3.000000000
2394 2.000000000
2395 2.000000000
2396 2.000000000
2397 4.000000000
2398 2.000000000
2399 1.000000000
2400 1.000000000
2401 2.000000000
2402 4.000000000
2403 4.000000000
2404 4.000000000
2405 4.000000000
2406 4.000000000
2407 1.000000000
2408 1.000000000
2409 1.000000000
2410 1.000000000
2411 3.000000000
2413 4.000000000
2414 2.000000000
2415 2.000000000
2416 2.000000000
2417 4.000000000
2418 4.000000000
2419 3.000000000
2420 3.000000000
2421 3.000000000
2422 3.000000000
2424 3.000000000
2425 4.000000000
2426 3.000000000
2427 3.000000000
2428 4.000000000
2429 4.000000000
2430 3.000000000
2431 3.000000000
2432 3.000000000
2433 1.000000000
2434 9.000000000
2435 11.000000000
2436 5.000000000
2437 7.000000000
2438 2.000000000
2439 10.000000000
2440 5.000000000
2441 3.000000000
2442 5.000000000
2443 5.000000000
2444 7.000000000
2445 5.000000000
2446 9.000000000
2447 24.000000000
2448 24.000000000
2449 7.000000000
2450 8.000000000
2451 9.000000000
2452 7.000000000
2453 8.000000000
2454 7.000000000
2455 4.000000000
2456 6.000000000
2457 6.000000000
2458 6.000000000
2459 6.000000000
2460 1.000000000
2461 2.000000000
2462 1.000000000
2463 4.000000000
2464 4.000000000
2465 3.000000000
2466 8.000000000
2467 4.000000000
2468 4.000000000
2469 4.000000000
2470 4.000000000
2471 4.000000000
2472 12.000000000
2473 4.000000000
2474 12.000000000
2475 12.000000000
2476 12.000000000
2477 4.000000000
2478 4.000000000
2479 4.000000000
2480 4.000000000
2481 4.000000000
2482 4.000000000
2483 4.000000000
2484 4.000000000
2485 4.000000000
2486 2.000000000
2487 1.000000000
2488 1.000000000
2489 8.000000000
2490 8.000000000
2491 13.000000000
2492 11.000000000
2493 13.000000000
2494 11.000000000
2495 11.000000000
2496 2.000000000
2497 2.000000000
2498 11.000000000
2499 11.000000000
2500 11.000000000
2501 11.000000000
2502 11.000000000
2503 11.000000000
2504 7.000000000
2505 8.000000000
2506 7.000000000
2507 8.000000000
2508 8.000000000
2509 8.000000000
2510 11.000000000
2511 8.000000000
2512 8.000000000
2513 8.000000000
2514 8.000000000
2515 1.000000000
2516 1.000000000
2517 8.000000000
2518 8.000000000
2519 2.000000000
2520 2.000000000
2521 9.000000000
2522 4.000000000
2523 4.000000000
2524 9.000000000
2525 4.000000000
2526 2.000000000
2527 2.000000000
2528 1.000000000
2529 1.000000000
2531 2.000000000
2532 2.000000000
2533 2.000000000
2534 2.000000000
2535 4.000000000
2536 3.000000000
2537 3.000000000
2538 2.000000000
2539 1.000000000
2540 3.000000000
2541 4.000000000
2542 2.000000000
2543 2.000000000
2544 3.000000000
2545 14.000000000
2546 34.000000000
2547 34.000000000
2548 12.000000000
2549 1.000000000
2550 1.000000000
2551 5.000000000
2552 2.000000000
2553 5.000000000
2554 2.000000000
2555 2.000000000
2556 2.000000000
2557 3.000000000
2558 3.000000000
2559 2.000000000
2560 3.000000000
2561 2.000000000
2562 2.000000000
2564 3.000000000
2565 3.000000000
2566 5.000000000
2567 2.000000000
2568 2.000000000
2569 2.000000000
2570 2.000000000
2571 2.000000000
2572 6.000000000
2573 4.000000000
2574 5.000000000
2575 1.000000000
2576 3.000000000
2577 2.000000000
2578 33.000000000
2579 13.000000000
2580 14.000000000
2581 14.000000000
2582 13.000000000
2583 13.000000000
2584 5.000000000
2585 5.000000000
2586 5.000000000
2587 4.000000000
2588 4.000000000
2589 2.000000000
2590 1.000000000
2591 1.000000000
2592 2.000000000
2593 2.000000000
2594 2.000000000
2595 2.000000000
2596 11.000000000
2597 11.000000000
2598 11.000000000
2599 11.000000000
2600 11.000000000
2601 11.000000000
2602 11.000000000
2603 11.000000000
2604 11.000000000
2605 11.000000000
2606 11.000000000
2607 11.000000000
2608 4.000000000
2609 3.000000000
2610 3.000000000
2611 3.000000000
2612 3.000000000
2613 3.000000000
2614 3.000000000
2615 4.000000000
2616 3.000000000
2617 3.000000000
2618 3.000000000
2619 1.000000000
2620 3.000000000
2621 3.000000000
2622 2.000000000
2623 6.000000000
2624 4.000000000
2625 1.000000000
2626 1.000000000
2627 5.000000000
2628 5.000000000
2629 4.000000000
2630 3.000000000
2631 1.000000000
2632 1.000000000
2633 1.000000000
2634 46.000000000
2635 2.000000000
2636 1.000000000
2637 1.000000000
2638 3.000000000
2639 3.000000000
2640 5.000000000
2641 3.000000000
2642 1.000000000
2643 1.000000000
2644 10.000000000
2645 4.000000000
2646 4.000000000
2647 3.000000000
2648 3.000000000
2649 1.000000000
2650 1.000000000
2651 1.000000000
2652 3.000000000
2653 1.000000000
2654 1.000000000
2655 1.000000000
2656 1.000000000
2657 1.000000000
2658 2.000000000
2659 2.000000000
2660 3.000000000
2661 1.000000000
2662 1.000000000
2663 1.000000000
2664 6.000000000
2665 6.000000000
2666 6.000000000
2667 6.000000000
2668 6.000000000
2669 6.000000000
2670 6.000000000
2671 3.000000000
2672 3.000000000
2673 3.000000000
2674 3.000000000
2675 3.000000000
2676 2.000000000
2677 3.000000000
2678 2.000000000
2679 3.000000000
2680 4.000000000
2681 3.000000000
2682 1.000000000
2683 3.000000000
2684 3.000000000
2685 3.000000000
2686 2.000000000
2687 2.000000000
2688 2.000000000
2689 3.000000000
2690 2.000000000
2691 1.000000000
2692 2.000000000
2693 2.000000000
2694 2.000000000
2695 1.000000000
2696 1.000000000
2697 2.000000000
2698 1.000000000
2699 5.000000000
2700 2.000000000
2701 2.000000000
2702 2.000000000
2703 1.000000000
2704 2.000000000
2705 2.000000000
2706 2.000000000
2707 1.000000000
2708 1.000000000
2709 1.000000000
2710 8.000000000
2711 2.000000000
2712 2.000000000
2713 1.000000000
2714 1.000000000
2715 6.000000000
2716 7.000000000
2717 9.000000000
2718 1.000000000
2719 4.000000000
2720 4.000000000
2721 2.000000000
2722 1.000000000
2723 7.000000000
2724 8.000000000
2725 8.000000000
2726 8.000000000
2727 10.000000000
2728 8.000000000
2729 2.000000000
2730 17.000000000
2731 17.000000000
2732 2.000000000
2733 2.000000000
2734 2.000000000
2735 2.000000000
2736 2.000000000
2737 2.000000000
2738 2.000000000
2739 2.000000000
2740 2.000000000
2741 2.000000000
2742 2.000000000
2743 2.000000000
2744 2.000000000
2745 2.000000000
2746 2.000000000
2747 11.000000000
2748 2.000000000
2749 5.000000000
2750 2.000000000
2751 2.000000000
2752 2.000000000
2753 2.000000000
2754 2.000000000
2755 3.000000000
2756 5.000000000
2757 12.000000000
2758 3.000000000
2759 2.000000000
2760 2.000000000
2761 3.000000000
2762 4.000000000
2763 3.000000000
2764 2.000000000
2765 10.000000000
2766 3.000000000
2767 4.000000000
2768 2.000000000
2769 2.000000000
2770 3.000000000
2771 2.000000000
2772 2.000000000
2773 2.000000000
2774 8.000000000
2775 8.000000000
2776 1.000000000
2777 1.000000000
2778 2.000000000
2779 3.000000000
2780 3.000000000
2781 5.000000000
2782 6.000000000
2783 2.000000000
2784 6.000000000
2785 2.000000000
2786 5.000000000
2787 2.000000000
2788 2.000000000
2789 2.000000000
2790 5.000000000
2791 3.000000000
2792 3.000000000
2793 3.000000000
2794 5.000000000
2795 2.000000000
2796 3.000000000
2797 3.000000000
2798 3.000000000
2799 3.000000000
2800 2.000000000
2801 2.000000000
2802 2.000000000
2803 2.000000000
2804 1.000000000
2805 1.000000000
2806 4.000000000
2807 3.000000000
2808 3.000000000
2809 3.000000000
2810 3.000000000
2811 4.000000000
2812 3.000000000
2813 3.000000000
2814 4.000000000
2815 4.000000000
2816 4.000000000
2817 3.000000000
2818 3.000000000
2819 2.000000000
2820 2.000000000
2821 2.000000000
2822 1.000000000
2823 1.000000000
2824 4.000000000
2825 5.000000000
2826 3.000000000
2827 3.000000000
2828 2.000000000
2829 4.000000000
2830 4.000000000
2831 9.000000000
2832 9.000000000
2833 9.000000000
2834 9.000000000
2835 9.000000000
2836 9.000000000
2837 9.000000000
2838 9.000000000
2839 9.000000000
2840 4.000000000
2841 4.000000000
2842 6.000000000
2843 6.000000000
2844 6.000000000
2845 10.000000000
2846 10.000000000
2847 10.000000000
2848 10.000000000
2849 10.000000000
2850 14.000000000
2851 14.000000000
2852 9.000000000
2853 9.000000000
2854 5.000000000
2855 6.000000000
2856 31.000000000
2857 75.000000000
2858 31.000000000
2859 1.000000000
2860 1.000000000
2861 1.000000000
2862 1.000000000
2863 16.000000000
2864 16.000000000
2865 16.000000000
2866 16.000000000
2867 16.000000000
2868 16.000000000
2869 16.000000000
2870 16.000000000
2871 16.000000000
2872 16.000000000
2873 16.000000000
2874 16.000000000
2875 16.000000000
2876 16.000000000
2877 4.000000000
2878 3.000000000
2879 3.000000000
2880 2.000000000
2881 2.000000000
2882 2.000000000
2883 3.000000000
2884 3.000000000
2885 3.000000000
2886 45.000000000
2887 45.000000000
2888 45.000000000
2889 8.000000000
2890 45.000000000
2891 45.000000000
2892 45.000000000
2893 45.000000000
2894 94.000000000
2895 9.000000000
2896 9.000000000
2897 9.000000000
2898 9.000000000
2899 9.000000000
2900 9.000000000
2901 9.000000000
2902 9.000000000
2903 9.000000000
2904 44.000000000
2905 44.000000000
2906 44.000000000
2907 2.000000000
2908 2.000000000
2909 46.000000000
2910 91.000000000
2911 46.000000000
2912 14.000000000
2913 94.000000000
2914 94.000000000
2915 94.000000000
2916 46.000000000
2917 76.000000000
2918 30.000000000
2919 44.000000000
2920 44.000000000
2921 44.000000000
2922 44.000000000
2923 44.000000000
2924 44.000000000
2925 98.000000000
2926 25.000000000
2927 25.000000000
2928 100.000000000
2929 25.000000000
2930 25.000000000
2931 25.000000000
2932 100.000000000
2933 78.000000000
2934 78.000000000
2935 78.000000000
2936 77.000000000
2937 77.000000000
2938 58.000000000
2939 71.000000000
2940 100.000000000
2941 46.000000000
2942 40.000000000
2943 73.000000000
2944 50.000000000
2945 77.000000000
2946 44.000000000
2947 73.000000000
2948 73.000000000
2949 6.000000000
2950 2.000000000
2951 2.000000000
2952 50.000000000
2953 43.000000000
2954 70.000000000
2955 70.000000000
2956 3.000000000
2957 3.000000000
2958 46.000000000
2959 46.000000000
2960 68.000000000
2961 68.000000000
2962 65.000000000
2963 2.000000000
2964 2.000000000
2965 7.000000000
2966 7.000000000
2967 7.000000000
2968 7.000000000
2969 7.000000000
2970 7.000000000
2971 7.000000000
2972 7.000000000
2973 7.000000000
2974 7.000000000
2975 7.000000000
2976 7.000000000
2977 7.000000000
2978 2.000000000
2979 2.000000000
2980 2.000000000
2981 4.000000000
2982 4.000000000
2983 4.000000000
2984 4.000000000
2985 4.000000000
2986 3.000000000
2987 42.000000000
2988 42.000000000
2989 42.000000000
2990 42.000000000
2991 42.000000000
2992 42.000000000
2993 42.000000000
2994 42.000000000
2995 3.000000000
2996 44.000000000
2997 42.000000000
2998 3.000000000
2999 44.000000000
3000 44.000000000
3001 44.000000000
3002 44.000000000
3003 3.000000000
3004 43.000000000
3005 32.000000000
3006 32.000000000
3007 1.000000000
3008 2.000000000
3009 2.000000000
3010 5.000000000
3011 5.000000000
3012 5.000000000
3013 5.000000000
3014 5.000000000
3015 5.000000000
3016 2.000000000
3017 2.000000000
3018 2.000000000
3019 3.000000000
3021 4.000000000
3022 2.000000000
3023 2.000000000
3024 2.000000000
3027 1.000000000
3028 1.000000000
3032 1.000000000
3033 1.000000000
3035 4.000000000
3036 2.000000000
3037 2.000000000
3038 5.000000000
3039 1.000000000
3040 1.000000000
3041 1.000000000
3042 3.000000000
3043 2.000000000
3044 1.000000000
3045 2.000000000
3046 2.000000000
3047 1.000000000
3048 1.000000000
3050 4.000000000
3051 4.000000000
3052 4.000000000
3053 4.000000000
3054 1.000000000
3055 1.000000000
3056 4.000000000
3057 4.000000000
3058 4.000000000
3059 4.000000000
3060 4.000000000
3061 1.000000000
3062 2.000000000
3063 2.000000000
3064 2.000000000
3067 2.000000000
3068 1.000000000
3069 3.000000000
3070 6.000000000
3071 2.000000000
3072 2.000000000
3073 2.000000000
3074 1.000000000
3075 1.000000000
3076 1.000000000
3077 2.000000000
3078 1.000000000
3079 1.000000000
3080 3.000000000
3081 3.000000000
3082 4.000000000
3083 1.000000000
3084 3.000000000
3085 3.000000000
3086 3.000000000
3087 3.000000000
3088 1.000000000
3089 3.000000000
3090 1.000000000
3091 3.000000000
3092 3.000000000
3093 12.000000000
3094 12.000000000
3095 8.000000000
3096 11.000000000
3097 9.000000000
3098 11.000000000
3099 3.000000000
3100 1.000000000
3101 8.000000000
3102 9.000000000
3103 1.000000000
3104 1.000000000
3105 7.000000000
3106 7.000000000
3107 15.000000000
3108 15.000000000
3109 15.000000000
3110 15.000000000
3111 15.000000000
3112 15.000000000
3113 15.000000000
3114 15.000000000
3115 15.000000000
3116 15.000000000
3117 15.000000000
3118 15.000000000
3119 15.000000000
3120 15.000000000
3121 15.000000000
3122 15.000000000
3123 15.000000000
3124 15.000000000
3125 4.000000000
3126 6.000000000
3127 6.000000000
3128 6.000000000
3129 4.000000000
3130 4.000000000
3131 4.000000000
3132 4.000000000
3133 4.000000000
3134 4.000000000
3135 4.000000000
3136 4.000000000
3137 4.000000000
3138 4.000000000
3139 1.000000000
3140 1.000000000
3141 1.000000000
3142 3.000000000
3143 4.000000000
3144 4.000000000
3145 5.000000000
3146 5.000000000
3147 5.000000000
3148 5.000000000
3149 5.000000000
3150 3.000000000
3151 3.000000000
3152 2.000000000
3153 6.000000000
3154 1.000000000
3155 1.000000000
3156 8.000000000
3157 7.000000000
3158 7.000000000
3159 7.000000000
3160 7.000000000
3161 8.000000000
3162 3.000000000
3163 4.000000000
3164 3.000000000
3165 3.000000000
3166 3.000000000
3167 4.000000000
3168 4.000000000
3169 4.000000000
3170 4.000000000
3171 3.000000000
3172 2.000000000
3173 2.000000000
3174 2.000000000
3175 2.000000000
3176 3.000000000
3177 5.000000000
3178 6.000000000
3179 5.000000000
3180 4.000000000
3181 2.000000000
3182 5.000000000
3183 2.000000000
3184 2.000000000
3185 2.000000000
3186 8.000000000
3187 8.000000000
3188 8.000000000
3189 8.000000000
3190 8.000000000
3191 8.000000000
3192 8.000000000
3193 8.000000000
3194 3.000000000
3195 3.000000000
3196 3.000000000
3197 3.000000000
3198 9.000000000
3199 5.000000000
3200 5.000000000
3201 5.000000000
3202 5.000000000
3203 5.000000000
3204 5.000000000
3205 1.000000000
3206 1.000000000
3207 5.000000000
3208 5.000000000
3209 5.000000000
3210 5.000000000
3211 5.000000000
3212 7.000000000
3213 1.000000000
3214 13.000000000
3215 13.000000000
3216 13.000000000
3217 13.000000000
3218 13.000000000
3219 13.000000000
3220 14.000000000
3221 18.000000000
3222 1.000000000
3223 1.000000000
3224 10.000000000
3225 10.000000000
3226 10.000000000
3227 10.000000000
3228 10.000000000
3229 10.000000000
3230 10.000000000
3231 3.000000000
3232 2.000000000
3233 2.000000000
3234 2.000000000
3235 32.000000000
3236 4.000000000
3237 4.000000000
3238 4.000000000
3239 4.000000000
3240 4.000000000
3241 4.000000000
3242 2.000000000
3243 10.000000000
3244 15.000000000
3245 19.000000000
3246 15.000000000
3247 19.000000000
3248 19.000000000
3249 15.000000000
3250 15.000000000
3251 15.000000000
3252 15.000000000
3253 10.000000000
3254 2.000000000
3255 4.000000000
3256 3.000000000
3257 3.000000000
3258 2.000000000
3259 2.000000000
3260 3.000000000
3261 2.000000000
3262 1.000000000
3263 10.000000000
3264 11.000000000
3265 5.000000000
3266 5.000000000
3267 5.000000000
3268 5.000000000
3269 5.000000000
3270 5.000000000
3271 7.000000000
3272 14.000000000
3273 7.000000000
3274 7.000000000
3275 7.000000000
3276 10.000000000
3277 10.000000000
3278 6.000000000
3279 6.000000000
3280 6.000000000
3281 6.000000000
3282 6.000000000
3283 6.000000000
3284 6.000000000
3285 10.000000000
3286 13.000000000
3287 10.000000000
3288 10.000000000
3289 10.000000000
3290 10.000000000
3291 10.000000000
3292 10.000000000
3293 10.000000000
3294 10.000000000
3295 10.000000000
3296 15.000000000
3297 3.000000000
3298 7.000000000
3299 2.000000000
3300 2.000000000
3301 2.000000000
3302 2.000000000
3303 2.000000000
3304 9.000000000
3305 15.000000000
3306 3.000000000
3307 9.000000000
3308 9.000000000
3309 8.000000000
3310 9.000000000
3311 9.000000000
3312 8.000000000
3313 8.000000000
3314 3.000000000
3315 1.000000000
3316 1.000000000
3317 1.000000000
3318 1.000000000
3319 1.000000000
3320 2.000000000
3321 4.000000000
3322 2.000000000
3323 2.000000000
3324 2.000000000
3325 28.000000000
3326 28.000000000
3327 28.000000000
3328 28.000000000
3329 28.000000000
3330 28.000000000
3331 28.000000000
3332 28.000000000
3333 28.000000000
3334 28.000000000
3335 28.000000000
3336 28.000000000
3337 28.000000000
3338 28.000000000
3339 28.000000000
3340 28.000000000
3341 28.000000000
3342 28.000000000
3343 28.000000000
3344 28.000000000
3345 28.000000000
3346 28.000000000
3347 28.000000000
3348 28.000000000
3349 3.000000000
3350 4.000000000
3351 4.000000000
3352 1.000000000
3353 3.000000000
3354 1.000000000
3355 1.000000000
3356 5.000000000
3357 12.000000000
3358 2.000000000
3359 1.000000000
3360 1.000000000
3361 1.000000000
3362 1.000000000
3363 13.000000000
3364 13.000000000
3365 13.000000000
3366 13.000000000
3367 13.000000000
3368 13.000000000
3369 13.000000000
3370 13.000000000
3371 13.000000000
3372 13.000000000
3373 13.000000000
3374 13.000000000
3375 13.000000000
3376 13.000000000
3377 12.000000000
3378 1.000000000
3379 1.000000000
3380 3.000000000
3381 22.000000000
3382 22.000000000
3383 4.000000000
3384 4.000000000
3385 4.000000000
3386 4.000000000
3387 4.000000000
3388 1.000000000
3389 1.000000000
3390 1.000000000
3391 1.000000000
3392 3.000000000
3393 3.000000000
3394 4.000000000
3395 4.000000000
3396 4.000000000
3397 4.000000000
3398 4.000000000
3399 4.000000000
3400 4.000000000
3401 8.000000000
3402 8.000000000
3403 8.000000000
3404 1.000000000
3405 1.000000000
3406 1.000000000
3407 4.000000000
3408 4.000000000
3409 4.000000000
3410 4.000000000
3411 4.000000000
3412 5.000000000
3413 2.000000000
3414 1.000000000
3415 3.000000000
3416 3.000000000
3417 1.000000000
3418 1.000000000
3419 1.000000000
3420 1.000000000
3421 1.000000000
3422 2.000000000
3423 2.000000000
3424 2.000000000
3425 6.000000000
3426 6.000000000
3427 6.000000000
3428 6.000000000
3429 6.000000000
3430 6.000000000
3431 6.000000000
3432 4.000000000
3433 4.000000000
3434 3.000000000
3435 3.000000000
3436 3.000000000
3437 3.000000000
3438 3.000000000
3439 1.000000000
3440 1.000000000
3441 1.000000000
3442 1.000000000
3443 2.000000000
3444 3.000000000
3445 2.000000000
3446 1.000000000
3447 2.000000000
3448 1.000000000
3449 1.000000000
3450 3.000000000
3451 5.000000000
3452 5.000000000
3453 5.000000000
3454 5.000000000
3455 5.000000000
3456 5.000000000
3457 1.000000000
3458 5.000000000
3459 6.000000000
3460 8.000000000
3461 8.000000000
3462 8.000000000
3463 1.000000000
3464 1.000000000
3465 7.000000000
3466 7.000000000
3467 7.000000000
3468 7.000000000
3469 3.000000000
3470 3.000000000
3471 2.000000000
3472 7.000000000
3473 7.000000000
3474 7.000000000
3475 4.000000000
3476 4.000000000
3477 4.000000000
3478 4.000000000
3479 3.000000000
3480 5.000000000
3481 5.000000000
3482 5.000000000
3483 3.000000000
3484 3.000000000
3485 2.000000000
3486 2.000000000
3487 2.000000000
3488 2.000000000
3489 3.000000000
3490 3.000000000
3491 3.000000000
3492 10.000000000
3493 2.000000000
3494 2.000000000
3495 2.000000000
3496 2.000000000
3497 3.000000000
3498 2.000000000
3499 3.000000000
3500 2.000000000
3501 5.000000000
3502 4.000000000
3503 5.000000000
3504 5.000000000
3505 4.000000000
3506 4.000000000
3507 4.000000000
3508 5.000000000
3509 5.000000000
3510 4.000000000
3511 3.000000000
3512 4.000000000
3513 4.000000000
3514 4.000000000
3515 4.000000000
3516 4.000000000
3517 4.000000000
3518 4.000000000
3519 2.000000000
3520 2.000000000
3521 2.000000000
3522 3.000000000
3523 2.000000000
3524 2.000000000
3525 4.000000000
3526 4.000000000
3527 3.000000000
3528 3.000000000
3529 3.000000000
3530 3.000000000
3531 2.000000000
3532 2.000000000
3533 1.000000000
3534 2.000000000
3535 2.000000000
3536 2.000000000
3537 2.000000000
3538 5.000000000
3539 4.000000000
3540 5.000000000
3541 4.000000000
3542 2.000000000
3543 2.000000000
3544 3.000000000
3545 1.000000000
3546 1.000000000
3547 3.000000000
3548 2.000000000
3549 2.000000000
3550 2.000000000
3551 3.000000000
3552 2.000000000
3553 2.000000000
3554 2.000000000
3555 2.000000000
3556 3.000000000
3557 3.000000000
3558 1.000000000
3559 1.000000000
3560 1.000000000
3561 1.000000000
3562 2.000000000
3563 3.000000000
3564 3.000000000
3565 3.000000000
3566 5.000000000
3567 2.000000000
3568 3.000000000
3569 11.000000000
3570 11.000000000
3571 11.000000000
3572 11.000000000
3573 11.000000000
3574 11.000000000
3575 11.000000000
3576 11.000000000
3577 10.000000000
3578 10.000000000
3579 10.000000000
3580 2.000000000
3581 2.000000000
3582 5.000000000
3583 5.000000000
3584 2.000000000
3585 2.000000000
3586 1.000000000
3587 1.000000000
3588 3.000000000
3589 5.000000000
3590 3.000000000
3591 3.000000000
3592 5.000000000
3593 5.000000000
3594 5.000000000
3595 5.000000000
3596 5.000000000
3597 5.000000000
3598 1.000000000
3599 1.000000000
3600 2.000000000
3601 2.000000000
3602 2.000000000
3603 1.000000000
3604 3.000000000
3606 2.000000000
3607 2.000000000
3608 1.000000000
3609 1.000000000
3610 1.000000000
3611 2.000000000
3612 2.000000000
3614 1.000000000
3615 1.000000000
3618 2.000000000
3619 3.000000000
3620 1.000000000
3621 1.000000000
3622 1.000000000
3626 4.000000000
3628 1.000000000
3629 1.000000000
3630 2.000000000
3631 3.000000000
3632 2.000000000
3633 3.000000000
3634 3.000000000
3635 2.000000000
3636 2.000000000
3637 25.000000000
3638 25.000000000
3639 25.000000000
3640 25.000000000
3641 25.000000000
3642 25.000000000
3643 25.000000000
3644 25.000000000
3645 25.000000000
3646 25.000000000
3647 25.000000000
3648 25.000000000
3649 25.000000000
3650 25.000000000
3651 25.000000000
3652 25.000000000
3653 25.000000000
3654 25.000000000
3655 25.000000000
3656 25.000000000
3657 25.000000000
3658 25.000000000
3659 25.000000000
3660 25.000000000
3661 25.000000000
3662 25.000000000
3663 1.000000000
3664 2.000000000
3665 1.000000000
3666 4.000000000
3667 4.000000000
3668 1.000000000
3669 1.000000000
3670 1.000000000
3671 1.000000000
3672 3.000000000
3673 2.000000000
3674 2.000000000
3675 2.000000000
3676 2.000000000
3677 2.000000000
3678 2.000000000
3679 1.000000000
3680 1.000000000
3681 2.000000000
3682 2.000000000
3683 2.000000000
3684 2.000000000
3685 2.000000000
3686 2.000000000
3687 1.000000000
3688 2.000000000
3689 1.000000000
3690 3.000000000
3691 3.000000000
3692 3.000000000
