28525634 107.494868200

0 1.200000000
1 1.400000000
2 1.600000000
3 8.426677067
4 7.434477379
5 8.425897036
6 1.777777778
7 2.444444444
8 1.500000000
9 0.000000000
10 4.959438378
11 4.159906396
12 4.765210608
13 5.014040562
14 5.014040562
15 0.000000000
16 6.012480499
17 2.200000000
18 1.666666667
19 1.000000000
20 0.000000000
21 7.448517941
22 7.451638066
23 7.452418097
24 5.955538222
25 5.956318253
26 5.955538222
27 5.955538222
28 5.956318253
29 1.500000000
30 1.000000000
31 1.000000000
32 1.000000000
33 1.500000000
34 2.333333333
35 1.500000000
36 2.266666667
37 1.733333333
38 0.000000000
39 0.000000000
40 1.000000000
41 1.000000000
42 1.375000000
43 1.375000000
44 1.250000000
45 1.125000000
46 1.000000000
47 1.000000000
48 5.755070203
49 5.035101404
50 2.133333333
51 1.375000000
52 1.625000000
53 5.156786271
54 1.000000000
55 1.000000000
56 1.000000000
57 1.000000000
58 5.156786271
59 5.156786271
60 5.156786271
61 1.000000000
62 0.000000000
63 1.000000000
64 1.000000000
65 1.750000000
66 1.000000000
67 1.000000000
68 1.000000000
69 5.759750390
70 6.758970359
71 1.000000000
72 1.666666667
73 1.000000000
74 1.000000000
75 1.000000000
76 1.000000000
77 1.647058824
78 1.647058824
79 1.666666667
80 1.666666667
81 1.666666667
82 7.136505460
83 6.140405616
84 7.136505460
85 7.136505460
86 7.136505460
87 7.136505460
88 7.408736349
89 7.411856474
90 6.414976599
91 1.000000000
92 1.400000000
93 1.125000000
94 1.625000000
95 7.411856474
96 1.500000000
97 1.375000000
98 1.666666667
99 1.000000000
100 1.666666667
101 1.666666667
102 1.000000000
103 1.500000000
104 1.000000000
105 1.500000000
106 1.500000000
107 1.666666667
108 1.000000000
109 1.000000000
110 2.000000000
111 1.000000000
112 1.500000000
113 1.000000000
114 1.000000000
115 1.250000000
116 1.000000000
117 1.000000000
118 1.000000000
119 1.666666667
120 1.941176471
121 0.000000000
122 1.750000000
123 1.000000000
124 1.750000000
125 1.750000000
126 1.750000000
127 1.000000000
128 1.500000000
129 1.750000000
130 1.750000000
131 1.500000000
132 1.285714286
133 1.000000000
134 1.000000000
135 6.109984399
136 6.968018721
137 1.000000000
138 1.000000000
139 1.000000000
140 1.000000000
141 1.000000000
142 1.000000000
143 1.000000000
144 1.000000000
145 1.666666667
146 1.666666667
147 1.000000000
148 1.000000000
149 1.000000000
150 1.000000000
151 1.000000000
152 1.000000000
153 1.000000000
154 1.000000000
155 1.000000000
156 1.000000000
157 1.000000000
158 1.000000000
159 1.000000000
160 1.000000000
161 1.800000000
162 1.000000000
163 1.000000000
164 1.200000000
165 1.600000000
166 1.200000000
167 1.600000000
168 1.600000000
169 1.600000000
170 1.500000000
171 1.500000000
172 1.500000000
173 1.000000000
174 1.000000000
175 1.500000000
176 1.000000000
177 4.872074883
178 4.943837754
179 5.804212168
180 5.804992200
181 1.000000000
182 1.000000000
183 1.000000000
184 1.000000000
185 5.398595944
186 5.590483619
187 5.589703588
188 1.500000000
189 2.166666667
190 1.333333333
191 0.000000000
192 0.000000000
193 6.756630265
194 5.761310452
195 6.758190328
196 1.000000000
197 1.000000000
198 1.000000000
199 1.000000000
200 1.555555556
201 1.000000000
202 1.000000000
203 1.000000000
204 1.000000000
205 0.000000000
206 4.858034321
207 5.857254290
208 5.418876755
209 0.000000000
210 1.375000000
211 0.000000000
212 5.705148206
213 5.677067083
214 0.000000000
215 5.857254290
216 2.000000000
217 0.000000000
218 0.000000000
219 2.000000000
220 0.000000000
221 1.000000000
222 1.000000000
223 1.000000000
224 8.407176287
225 8.407176287
226 1.250000000
227 1.250000000
228 5.862714509
229 5.862714509
230 5.862714509
231 5.862714509
232 5.862714509
233 5.862714509
234 5.862714509
235 5.862714509
236 5.862714509
237 5.863494540
238 5.862714509
239 5.971138846
240 6.110764431
241 1.000000000
242 1.000000000
243 7.454758190
244 7.450078003
245 8.446957878
246 1.571428571
247 2.428571429
248 6.907176287
249 7.905616225
250 7.904836193
251 1.250000000
252 5.148985959
253 1.000000000
254 1.500000000
255 1.750000000
256 1.000000000
257 1.000000000
258 2.000000000
259 2.000000000
260 1.250000000
261 4.598283931
262 5.530421217
263 1.444444444
264 1.000000000
265 1.000000000
266 1.000000000
267 1.600000000
268 1.000000000
269 8.451638066
270 1.222222222
271 1.444444444
272 1.444444444
273 1.000000000
274 1.444444444
275 1.833333333
276 5.870514821
277 5.869734789
278 1.666666667
279 1.666666667
280 1.750000000
281 3.200000000
282 7.453978159
283 1.833333333
284 1.000000000
285 1.000000000
286 1.857142857
287 1.928571429
288 1.142857143
289 1.857142857
290 1.500000000
291 1.000000000
292 1.000000000
293 1.500000000
294 0.000000000
295 1.000000000
296 1.000000000
297 1.000000000
298 1.000000000
299 5.849453978
300 6.847113885
301 6.847113885
302 6.847113885
303 6.407956318
304 7.399375975
305 7.399375975
306 7.399375975
307 7.399375975
308 7.399375975
309 7.399375975
310 7.399375975
311 7.399375975
312 7.399375975
313 7.399375975
314 7.399375975
315 5.504680187
316 5.507020281
317 5.507020281
318 4.770670827
319 4.929017161
320 5.507020281
321 5.507020281
322 5.507020281
323 5.507020281
324 5.433697348
325 6.432137285
326 6.432137285
327 6.279251170
328 6.829173167
329 6.829173167
330 6.829173167
331 6.829173167
332 6.820592824
333 6.829173167
334 6.829173167
335 6.829173167
336 6.829173167
337 6.829173167
338 6.829173167
339 6.829173167
340 6.829173167
341 6.829173167
342 6.829173167
343 6.829173167
344 6.829173167
345 6.829173167
346 6.829173167
347 6.829173167
348 6.829173167
349 6.829173167
350 6.829173167
351 6.829173167
352 6.829173167
353 6.829173167
354 6.829173167
355 6.829173167
356 6.829173167
357 6.829173167
358 6.829173167
359 6.829173167
360 6.829173167
361 6.829173167
362 6.829173167
363 6.829173167
364 6.829173167
365 6.829173167
366 6.829173167
367 6.829173167
368 6.829173167
369 6.829173167
370 6.829173167
371 6.829173167
372 6.829173167
373 6.829173167
374 6.829173167
375 5.762870515
376 5.762870515
377 5.762870515
378 5.870514821
379 5.863494540
380 1.500000000
381 1.500000000
382 7.905616225
383 7.457878315
384 1.000000000
385 1.000000000
386 7.755070203
387 7.755070203
388 2.000000000
389 2.000000000
390 4.645085803
391 5.644305772
392 6.110764431
393 2.583333333
394 2.000000000
395 2.166666667
396 1.000000000
397 1.000000000
398 1.000000000
399 1.000000000
400 1.750000000
401 1.750000000
402 1.750000000
403 2.166666667
404 1.000000000
405 1.000000000
406 1.000000000
407 1.750000000
408 5.047581903
409 5.048361934
410 5.049141966
411 1.000000000
412 1.000000000
413 1.000000000
414 1.000000000
415 1.000000000
416 6.475819033
417 5.478159126
418 5.552262090
419 5.478159126
420 6.070202808
421 5.450078003
422 1.000000000
423 1.500000000
424 1.000000000
425 2.416666667
426 5.855694228
427 5.855694228
428 5.855694228
429 5.855694228
430 5.855694228
431 5.855694228
432 5.855694228
433 5.856474259
434 5.855694228
435 5.856474259
436 4.643525741
437 4.643525741
438 4.643525741
439 6.078783151
440 6.079563183
441 4.681747270
442 4.683307332
443 4.195007800
444 4.682527301
445 4.683307332
446 4.683307332
447 4.678627145
448 1.600000000
449 1.200000000
450 5.191887676
451 5.191107644
452 5.191887676
453 2.235294118
454 5.191887676
455 5.191107644
456 1.000000000
457 1.000000000
458 1.000000000
459 1.750000000
460 5.295631825
461 1.000000000
462 5.536661466
463 6.532761310
464 6.533541342
465 6.533541342
466 4.939937598
467 5.418876755
468 1.000000000
469 1.000000000
470 1.000000000
471 1.000000000
472 1.000000000
473 1.000000000
474 1.000000000
475 1.000000000
476 1.000000000
477 1.000000000
478 1.000000000
479 1.000000000
480 1.000000000
481 4.731669267
482 4.528861154
483 4.101404056
484 4.946177847
485 4.877535101
486 4.946177847
487 4.943837754
488 4.946177847
489 4.946177847
490 5.941497660
491 5.941497660
492 5.941497660
493 6.078783151
494 7.077223089
495 4.546021841
496 5.384555382
497 5.384555382
498 5.384555382
499 5.384555382
500 5.384555382
501 5.384555382
502 5.384555382
503 5.384555382
504 5.384555382
505 5.384555382
506 4.560062402
507 4.560062402
508 5.384555382
509 2.294117647
510 3.117647059
511 3.117647059
512 1.000000000
513 1.846153846
514 1.846153846
515 5.760530421
516 5.761310452
517 6.758190328
518 2.142857143
519 1.000000000
520 1.000000000
521 1.000000000
522 1.000000000
523 1.000000000
524 1.000000000
525 1.100000000
526 1.000000000
527 1.100000000
528 1.000000000
529 1.000000000
530 6.134945398
531 6.134945398
532 6.134945398
533 5.180187207
534 6.134945398
535 6.134945398
536 6.134945398
537 5.180187207
538 6.134945398
539 6.135725429
540 1.000000000
541 1.000000000
542 1.000000000
543 1.000000000
544 1.000000000
545 1.000000000
546 1.000000000
547 5.870514821
548 5.870514821
549 1.000000000
550 1.000000000
551 1.600000000
552 1.600000000
553 2.200000000
554 5.750390016
555 4.652106084
556 4.633385335
557 4.652106084
558 4.651326053
559 4.158346334
560 4.651326053
561 4.632605304
562 4.263650546
563 4.652106084
564 4.632605304
565 4.632605304
566 4.263650546
567 4.263650546
568 4.632605304
569 4.159126365
570 4.613884555
571 4.652106084
572 4.202028081
573 5.763650546
574 5.763650546
575 7.453978159
576 1.000000000
577 1.000000000
578 4.308112324
579 4.815132605
580 4.815132605
581 4.815132605
582 4.815132605
583 4.815132605
584 6.135725429
585 1.600000000
586 5.514040562
587 6.512480499
588 6.511700468
589 1.500000000
590 1.000000000
591 4.815912637
592 1.000000000
593 1.000000000
594 1.000000000
595 1.000000000
596 1.500000000
597 1.000000000
598 1.000000000
599 1.000000000
600 1.500000000
601 2.000000000
602 1.000000000
603 1.000000000
604 1.000000000
605 1.000000000
606 1.000000000
607 1.000000000
608 1.500000000
609 1.000000000
610 1.000000000
611 5.084243370
612 6.079563183
613 5.084243370
614 1.000000000
615 1.000000000
616 1.000000000
617 1.000000000
618 1.000000000
619 1.000000000
620 2.300000000
621 3.200000000
622 5.535101404
623 4.641185647
624 4.641185647
625 5.535101404
626 5.535101404
627 4.641185647
628 1.000000000
629 1.000000000
630 4.609204368
631 4.643525741
632 4.643525741
633 4.643525741
634 4.643525741
635 4.643525741
636 4.643525741
637 4.643525741
638 1.000000000
639 1.428571429
640 1.428571429
641 1.428571429
642 1.000000000
643 1.000000000
644 1.666666667
645 1.333333333
646 1.333333333
647 1.428571429
648 1.428571429
649 1.428571429
650 4.570202808
651 4.163026521
652 4.655226209
653 6.510140406
654 6.510140406
655 5.765210608
656 5.763650546
657 5.763650546
658 5.762870515
659 4.645865835
660 4.162246490
661 4.645865835
662 4.645865835
663 4.645865835
664 5.049141966
665 5.049141966
666 5.048361934
667 0.000000000
668 0.000000000
669 5.872854914
670 5.872854914
671 5.872854914
672 5.872854914
673 5.874414977
674 5.872854914
675 0.000000000
676 1.875000000
677 1.000000000
678 1.875000000
679 1.875000000
680 1.875000000
681 1.875000000
682 1.000000000
683 1.000000000
684 1.875000000
685 1.875000000
686 1.875000000
687 1.000000000
688 1.500000000
689 7.230889236
690 8.227769111
691 8.227769111
692 8.227769111
693 8.227769111
694 6.343993760
695 7.285491420
696 7.285491420
697 7.285491420
698 7.285491420
699 5.156786271
700 5.156786271
701 5.156786271
702 5.156786271
703 5.295631825
704 5.295631825
705 4.558502340
706 5.295631825
707 5.295631825
708 5.295631825
709 5.295631825
710 3.066666667
711 4.000000000
712 1.000000000
713 1.000000000
714 1.000000000
715 1.000000000
716 1.500000000
717 1.444444444
718 1.000000000
719 1.000000000
720 1.000000000
721 1.111111111
722 5.515600624
723 5.513260530
724 5.512480499
725 5.517940718
726 5.515600624
727 5.509360374
728 5.516380655
729 5.512480499
730 5.509360374
731 1.444444444
732 1.444444444
733 1.444444444
734 1.444444444
735 1.111111111
736 5.518720749
737 5.510140406
738 5.516380655
739 5.514040562
740 5.516380655
741 5.521060842
742 5.516380655
743 5.589703588
744 5.520280811
745 5.520280811
746 5.520280811
747 5.599063963
748 5.518720749
749 1.666666667
750 1.000000000
751 1.666666667
752 1.666666667
753 1.500000000
754 1.000000000
755 1.000000000
756 9.369734789
757 8.370514821
758 1.000000000
759 1.000000000
760 5.046801872
761 5.046801872
762 5.046801872
763 5.046801872
764 1.000000000
765 1.000000000
766 6.760530421
767 6.760530421
768 6.760530421
769 1.000000000
770 1.000000000
771 7.372854914
772 1.000000000
773 1.000000000
774 1.000000000
775 1.000000000
776 1.000000000
777 5.923556942
778 5.923556942
779 5.923556942
780 5.923556942
781 5.923556942
782 5.923556942
783 5.923556942
784 6.510140406
785 6.510140406
786 6.510140406
787 0.000000000
788 0.000000000
789 1.000000000
790 1.000000000
791 1.000000000
792 1.666666667
793 1.666666667
794 1.333333333
795 1.000000000
796 1.000000000
797 1.000000000
798 1.000000000
799 1.000000000
800 1.000000000
801 1.714285714
802 1.000000000
803 5.520280811
804 5.520280811
805 5.521060842
806 1.000000000
807 1.714285714
808 1.714285714
809 1.714285714
810 1.571428571
811 1.571428571
812 5.521060842
813 1.285714286
814 1.285714286
815 1.000000000
816 1.142857143
817 1.000000000
818 1.142857143
819 1.285714286
820 1.285714286
821 1.000000000
822 1.500000000
823 1.000000000
824 1.000000000
825 1.200000000
826 1.200000000
827 1.200000000
828 1.000000000
829 0.000000000
830 4.945397816
831 5.089703588
832 5.089703588
833 5.088143526
834 5.373634945
835 5.373634945
836 5.943837754
837 5.943837754
838 5.103744150
839 5.103744150
840 5.103744150
841 0.000000000
842 1.000000000
843 1.000000000
844 1.000000000
845 1.000000000
846 0.000000000
847 0.000000000
848 1.000000000
849 1.000000000
850 1.000000000
851 1.000000000
852 1.000000000
853 6.512480499
854 6.512480499
855 1.295454545
856 1.295454545
857 1.295454545
858 1.295454545
859 1.295454545
860 1.295454545
861 1.250000000
862 1.295454545
863 1.295454545
864 1.045454545
865 1.295454545
866 1.295454545
867 1.295454545
868 1.295454545
869 1.295454545
870 1.295454545
871 1.295454545
872 1.295454545
873 1.295454545
874 1.295454545
875 1.295454545
876 1.295454545
877 1.295454545
878 1.295454545
879 1.227272727
880 1.295454545
881 1.295454545
882 1.295454545
883 1.295454545
884 1.295454545
885 1.295454545
886 1.295454545
887 1.000000000
888 1.000000000
889 1.000000000
890 1.125000000
891 1.000000000
892 1.000000000
893 1.000000000
894 1.000000000
895 1.125000000
896 5.763650546
897 5.763650546
898 1.000000000
899 1.000000000
900 1.000000000
901 1.000000000
902 1.000000000
903 1.000000000
904 1.000000000
905 1.000000000
906 1.000000000
907 1.000000000
908 1.000000000
909 1.000000000
910 1.000000000
911 1.000000000
912 1.000000000
913 1.000000000
914 1.000000000
915 1.000000000
916 1.000000000
917 1.000000000
918 1.000000000
919 1.000000000
920 1.000000000
921 1.000000000
922 1.000000000
923 1.678571429
924 1.964285714
925 1.500000000
926 1.678571429
927 1.642857143
928 1.500000000
929 1.000000000
930 1.000000000
931 1.000000000
932 1.416666667
933 1.416666667
934 1.416666667
935 1.416666667
936 1.416666667
937 1.000000000
938 1.000000000
939 1.000000000
940 1.000000000
941 1.000000000
942 1.000000000
943 1.333333333
944 1.000000000
945 1.166666667
946 1.500000000
947 1.500000000
948 1.500000000
949 1.333333333
950 1.000000000
951 1.166666667
952 1.333333333
953 1.166666667
954 1.333333333
955 1.333333333
956 1.000000000
957 1.800000000
958 0.000000000
959 1.000000000
960 1.000000000
961 1.000000000
962 1.666666667
963 1.333333333
964 1.333333333
965 1.400000000
966 1.400000000
967 2.000000000
968 1.000000000
969 1.000000000
970 1.000000000
971 0.000000000
972 1.000000000
973 1.000000000
974 1.000000000
975 1.000000000
976 1.000000000
977 0.000000000
978 1.200000000
979 1.800000000
980 0.000000000
981 0.000000000
982 0.000000000
983 0.000000000
984 0.000000000
985 0.000000000
986 0.000000000
987 0.000000000
988 0.000000000
989 0.000000000
990 0.000000000
991 0.000000000
992 0.000000000
993 0.000000000
994 0.000000000
995 0.000000000
996 0.000000000
997 1.272727273
998 1.272727273
999 1.818181818
1000 1.727272727
1001 1.272727273
1002 2.090909091
1003 1.545454545
1004 1.545454545
1005 1.727272727
1006 1.545454545
1007 1.636363636
1008 1.250000000
1009 1.000000000
1010 1.000000000
1011 1.000000000
1012 1.250000000
1013 1.000000000
1014 1.000000000
1015 1.000000000
1016 1.000000000
1017 0.000000000
1018 0.000000000
1019 0.000000000
1020 0.000000000
1021 0.000000000
1022 2.666666667
1023 1.000000000
1024 1.000000000
1025 1.000000000
1026 1.000000000
1027 1.000000000
1028 1.000000000
1029 1.000000000
1030 1.000000000
1031 1.000000000
1032 1.000000000
1033 1.000000000
1034 1.000000000
1035 1.000000000
1036 1.000000000
1037 1.000000000
1038 1.000000000
1039 1.000000000
1040 1.000000000
1041 1.000000000
1042 1.000000000
1043 1.000000000
1044 1.000000000
1045 1.000000000
1046 1.000000000
1047 1.000000000
1048 1.000000000
1049 1.000000000
1050 1.000000000
1051 1.000000000
1052 1.000000000
1053 1.000000000
1054 1.000000000
1055 1.000000000
1056 1.000000000
1057 1.000000000
1058 1.000000000
1059 1.000000000
1060 1.000000000
1061 1.000000000
1062 1.000000000
1063 1.000000000
1064 1.000000000
1065 1.000000000
1066 1.000000000
1067 1.000000000
1068 1.000000000
1069 1.000000000
1070 1.000000000
1071 1.000000000
1072 1.000000000
1073 1.000000000
1074 1.000000000
1075 1.000000000
1076 1.000000000
1077 1.000000000
1078 1.000000000
1079 1.000000000
1080 1.000000000
1081 1.000000000
1082 1.000000000
1083 1.000000000
1084 1.000000000
1085 1.000000000
1086 1.000000000
1087 1.000000000
1088 1.000000000
1089 1.000000000
1090 1.000000000
1091 1.000000000
1092 1.000000000
1093 1.000000000
1094 1.000000000
1095 1.000000000
1096 1.000000000
1097 1.000000000
1098 1.000000000
1099 1.000000000
1100 1.000000000
1101 1.000000000
1102 1.000000000
1103 1.000000000
1104 1.000000000
1105 1.000000000
1106 1.000000000
1107 1.000000000
1108 1.000000000
1109 1.000000000
1110 1.000000000
1111 1.000000000
1112 1.700000000
1113 2.400000000
1114 1.400000000
1115 2.200000000
1116 2.200000000
1117 1.000000000
1118 1.000000000
1119 1.333333333
1120 1.166666667
1121 1.166666667
1122 1.250000000
1123 1.875000000
1124 1.875000000
1125 1.875000000
1126 1.875000000
1127 1.000000000
1128 1.000000000
1129 1.000000000
1130 1.000000000
1131 1.000000000
1132 1.000000000
1133 1.000000000
1134 1.000000000
1135 1.000000000
1136 1.000000000
1137 1.000000000
1138 1.000000000
1139 1.000000000
1140 1.117647059
1141 1.117647059
1142 1.117647059
1143 1.117647059
1144 1.117647059
1145 1.117647059
1146 1.117647059
1147 1.000000000
1148 1.117647059
1149 1.117647059
1150 1.117647059
1151 1.117647059
1152 1.117647059
1153 1.117647059
1154 1.117647059
1155 1.714285714
1156 1.357142857
1157 1.214285714
1158 1.714285714
1159 1.000000000
1160 1.000000000
1161 1.000000000
1162 1.000000000
1163 1.000000000
1164 1.000000000
1165 1.000000000
1166 1.000000000
1167 1.000000000
1168 1.000000000
1169 1.000000000
1170 1.285714286
1171 1.714285714
1172 1.714285714
1173 1.285714286
1174 1.714285714
1175 1.000000000
1176 1.500000000
1177 1.500000000
1178 1.500000000
1179 1.500000000
1180 2.450000000
1181 2.700000000
1182 1.950000000
1183 2.900000000
1184 2.250000000
1185 2.450000000
1186 3.650000000
1187 1.000000000
1188 1.000000000
1189 5.763650546
1190 5.763650546
1191 1.333333333
1192 1.166666667
1193 1.166666667
1194 4.879875195
1195 4.883775351
1196 5.875195008
1197 5.875195008
1198 4.879875195
1199 4.879875195
1200 4.883775351
1201 1.000000000
1202 1.250000000
1203 1.000000000
1204 1.250000000
1205 1.500000000
1206 1.333333333
1207 1.111111111
1208 1.000000000
1209 1.000000000
1210 1.000000000
1211 1.000000000
1212 1.000000000
1213 1.000000000
1214 1.000000000
1215 1.000000000
1216 4.633385335
1217 4.623244930
1218 4.623244930
1219 4.623244930
1220 4.627925117
1221 1.111111111
1222 1.666666667
1223 1.000000000
1224 1.666666667
1225 2.450000000
1226 2.250000000
1227 2.350000000
1228 2.450000000
1229 2.450000000
1230 2.450000000
1231 2.450000000
1232 2.450000000
1233 2.900000000
1234 2.900000000
1235 3.300000000
1236 3.100000000
1237 4.050000000
1238 1.000000000
1239 1.750000000
1240 1.750000000
1241 1.750000000
1242 1.750000000
1243 1.200000000
1244 1.000000000
1245 1.000000000
1246 1.000000000
1247 1.400000000
1248 1.200000000
1249 1.857142857
1250 1.285714286
1251 1.571428571
1252 1.285714286
1253 1.571428571
1254 1.571428571
1255 1.571428571
1256 1.571428571
1257 1.000000000
1258 1.500000000
1259 1.500000000
1260 1.250000000
1261 1.500000000
1262 1.625000000
1263 1.000000000
1264 1.625000000
1265 1.000000000
1266 1.000000000
1267 1.125000000
1268 1.000000000
1269 1.000000000
1270 1.000000000
1271 1.000000000
1272 1.000000000
1273 6.511700468
1274 6.511700468
1275 6.511700468
1276 6.507800312
1277 6.511700468
1278 6.511700468
1279 6.507020281
1280 6.507020281
1281 6.507020281
1282 6.507020281
1283 6.507020281
1284 6.507020281
1285 6.507020281
1286 6.510140406
1287 6.510140406
1288 6.511700468
1289 6.511700468
1290 6.511700468
1291 6.507020281
1292 6.507020281
1293 6.511700468
1294 6.511700468
1295 5.543681747
1296 6.507020281
1297 6.511700468
1298 6.511700468
1299 6.511700468
1300 6.511700468
1301 6.511700468
1302 6.511700468
1303 6.510140406
1304 6.511700468
1305 6.511700468
1306 1.428571429
1307 1.857142857
1308 2.000000000
1309 1.000000000
1310 1.500000000
1311 1.500000000
1312 1.625000000
1313 1.625000000
1314 1.250000000
1315 0.000000000
1316 1.000000000
1317 1.000000000
1318 1.000000000
1319 1.000000000
1320 1.000000000
1321 1.000000000
1322 1.000000000
1323 1.000000000
1324 1.000000000
1325 1.000000000
1326 1.000000000
1327 1.000000000
1328 1.000000000
1329 1.000000000
1330 1.000000000
1331 1.000000000
1332 1.000000000
1333 4.672386895
1334 4.672386895
1335 4.672386895
1336 4.672386895
1337 4.674726989
1338 4.674726989
1339 4.672386895
1340 1.000000000
1341 1.000000000
1342 1.000000000
1343 1.000000000
1344 1.000000000
1345 1.000000000
1346 1.000000000
1347 1.000000000
1348 1.000000000
1349 1.000000000
1350 1.000000000
1351 1.000000000
1352 1.000000000
1353 2.500000000
1354 1.750000000
1355 2.000000000
1356 1.571428571
1357 1.857142857
1358 2.285714286
1359 2.285714286
1360 2.714285714
1361 2.000000000
1362 1.000000000
1363 1.000000000
1364 0.000000000
1365 1.125000000
1366 1.833333333
1367 2.666666667
1368 2.000000000
1369 2.000000000
1370 1.000000000
1371 1.000000000
1372 1.000000000
1373 1.000000000
1374 1.750000000
1375 1.750000000
1376 1.750000000
1377 1.000000000
1378 1.000000000
1379 1.000000000
1380 1.000000000
1381 1.000000000
1382 1.000000000
1383 1.000000000
1384 6.502340094
1385 6.502340094
1386 6.502340094
1387 6.502340094
1388 6.502340094
1389 6.502340094
1390 6.502340094
1391 6.502340094
1392 6.502340094
1393 6.502340094
1394 6.502340094
1395 6.502340094
1396 6.502340094
1397 6.502340094
1398 6.502340094
1399 1.000000000
1400 1.166666667
1401 1.166666667
1402 1.166666667
1403 1.166666667
1404 1.000000000
1405 1.666666667
1406 1.000000000
1407 1.000000000
1408 1.000000000
1409 1.000000000
1410 1.000000000
1411 1.000000000
1412 1.000000000
1413 1.083333333
1414 1.000000000
1415 1.000000000
1416 1.000000000
1417 1.000000000
1418 1.083333333
1419 1.500000000
1420 1.000000000
1421 1.500000000
1422 1.000000000
1423 1.000000000
1424 1.000000000
1425 5.874414977
1426 5.874414977
1427 1.000000000
1428 1.000000000
1429 1.000000000
1430 1.000000000
1431 1.000000000
1432 1.000000000
1433 1.000000000
1434 1.000000000
1435 1.000000000
1436 1.000000000
1437 5.557722309
1438 5.557722309
1439 1.000000000
1440 1.500000000
1441 1.125000000
1442 1.500000000
1443 1.000000000
1444 6.015600624
1445 6.015600624
1446 6.015600624
1447 5.018720749
1448 6.015600624
1449 1.000000000
1450 1.000000000
1451 1.000000000
1452 1.250000000
1453 1.250000000
1454 1.250000000
1455 1.375000000
1456 5.556942278
1457 5.557722309
1458 1.000000000
1459 1.000000000
1460 1.000000000
1461 1.000000000
1462 1.000000000
1463 1.000000000
1464 1.000000000
1465 1.000000000
1466 1.000000000
1467 1.000000000
1468 1.000000000
1469 1.000000000
1470 1.000000000
1471 1.000000000
1472 1.000000000
1473 1.000000000
1474 1.000000000
1475 1.000000000
1476 1.000000000
1477 1.000000000
1478 1.000000000
1479 5.557722309
1480 5.558502340
1481 1.000000000
1482 1.500000000
1483 5.045241810
1484 5.868174727
1485 5.045241810
1486 5.045241810
1487 1.500000000
1488 1.500000000
1489 1.500000000
1490 2.300000000
1491 2.300000000
1492 1.000000000
1493 1.000000000
1494 1.000000000
1495 1.000000000
1496 1.000000000
1497 2.200000000
1498 2.200000000
1499 5.763650546
1500 5.763650546
1501 1.000000000
1502 1.000000000
1503 1.500000000
1504 1.500000000
1505 1.571428571
1506 1.000000000
1507 1.142857143
1508 5.866614665
1509 5.868174727
1510 5.868174727
1511 1.555555556
1512 1.222222222
1513 1.222222222
1514 1.555555556
1515 1.000000000
1516 1.000000000
1517 1.000000000
1518 1.000000000
1519 1.000000000
1520 1.000000000
1521 5.869734789
1522 5.870514821
1523 5.870514821
1524 1.000000000
1525 1.000000000
1526 1.555555556
1527 1.555555556
1528 1.500000000
1529 1.444444444
1530 1.444444444
1531 1.200000000
1532 1.000000000
1533 1.400000000
1534 1.571428571
1535 1.571428571
1536 1.571428571
1537 1.571428571
1538 1.142857143
1539 1.400000000
1540 1.400000000
1541 1.200000000
1542 1.000000000
1543 1.000000000
1544 1.000000000
1545 1.000000000
1546 1.000000000
1547 1.000000000
1548 1.000000000
1549 1.000000000
1550 1.500000000
1551 1.500000000
1552 1.222222222
1553 1.222222222
1554 1.000000000
1555 1.000000000
1556 1.000000000
1557 1.000000000
1558 1.000000000
1559 1.000000000
1560 1.250000000
1561 1.000000000
1562 1.250000000
1563 1.000000000
1564 1.000000000
1565 5.762870515
1566 5.762870515
1567 1.285714286
1568 1.000000000
1569 1.285714286
1570 1.000000000
1571 1.000000000
1572 1.000000000
1573 1.285714286
1574 1.285714286
1575 1.000000000
1576 1.000000000
1577 1.000000000
1578 1.000000000
1579 1.000000000
1580 1.000000000
1581 1.000000000
1582 1.000000000
1583 1.000000000
1584 1.000000000
1585 1.000000000
1586 1.000000000
1587 1.500000000
1588 1.500000000
1589 1.000000000
1590 1.000000000
1591 1.000000000
1592 1.000000000
1593 1.954545455
1594 1.954545455
1595 1.954545455
1596 1.000000000
1597 1.000000000
1598 1.000000000
1599 1.000000000
1600 0.000000000
1601 1.000000000
1602 1.000000000
1603 0.000000000
1604 5.732449298
1605 6.336193448
1606 5.730109204
1607 6.336193448
1608 1.000000000
1609 1.000000000
1610 1.500000000
1611 6.865054602
1612 6.865054602
1613 1.000000000
1614 1.000000000
1615 6.336973479
1616 5.158346334
1617 5.158346334
1618 1.000000000
1619 1.000000000
1620 1.000000000
1621 1.000000000
1622 5.870514821
1623 5.870514821
1624 1.000000000
1625 1.000000000
1626 1.000000000
1627 1.000000000
1628 1.000000000
1629 1.000000000
1630 1.000000000
1631 1.000000000
1632 1.000000000
1633 1.000000000
1634 1.000000000
1635 1.823529412
1636 1.823529412
1637 1.000000000
1638 1.000000000
1639 1.000000000
1640 1.000000000
1641 1.750000000
1642 1.000000000
1643 1.750000000
1644 1.000000000
1645 1.000000000
1646 1.000000000
1647 1.000000000
1648 1.333333333
1649 1.333333333
1650 1.333333333
1651 1.333333333
1652 1.000000000
1653 1.000000000
1654 1.000000000
1655 1.800000000
1656 1.600000000
1657 1.600000000
1658 1.800000000
1659 1.000000000
1660 1.000000000
1661 1.000000000
1662 1.000000000
1663 1.000000000
1664 1.000000000
1665 1.000000000
1666 1.000000000
1667 1.500000000
1668 1.846153846
1669 1.076923077
1670 2.307692308
1671 1.846153846
1672 2.000000000
1673 1.846153846
1674 2.000000000
1675 1.846153846
1676 2.000000000
1677 2.000000000
1678 2.000000000
1679 2.000000000
1680 2.000000000
1681 2.000000000
1682 1.000000000
1683 1.000000000
1684 1.000000000
1685 1.000000000
1686 1.000000000
1687 1.000000000
1688 1.000000000
1689 1.000000000
1690 1.000000000
1691 1.000000000
1692 1.000000000
1693 1.000000000
1694 1.000000000
1695 1.000000000
1696 1.000000000
1697 1.000000000
1698 1.000000000
1699 1.000000000
1700 1.000000000
1701 1.000000000
1702 1.000000000
1703 1.000000000
1704 1.000000000
1705 1.000000000
1706 1.000000000
1707 1.000000000
1708 1.000000000
1709 1.000000000
1710 1.000000000
1711 1.000000000
1712 1.000000000
1713 1.000000000
1714 1.000000000
1715 1.000000000
1716 1.000000000
1717 1.000000000
1718 1.000000000
1719 1.000000000
1720 1.000000000
1721 1.000000000
1722 1.000000000
1723 1.000000000
1724 1.000000000
1725 1.000000000
1726 1.000000000
1727 1.000000000
1728 1.000000000
1729 1.000000000
1730 1.000000000
1731 1.000000000
1732 1.000000000
1733 1.000000000
1734 1.000000000
1735 1.000000000
1736 1.000000000
1737 1.000000000
1738 1.000000000
1739 1.000000000
1740 1.000000000
1741 1.400000000
1742 1.200000000
1743 1.200000000
1744 1.400000000
1745 1.400000000
1746 7.443837754
1747 5.152886115
1748 5.152886115
1749 5.152886115
1750 5.152886115
1751 5.152886115
1752 5.152886115
1753 5.153666147
1754 5.152886115
1755 7.452418097
1756 7.471138846
1757 6.478939158
1758 6.489079563
1759 5.953978159
1760 5.953978159
1761 5.953978159
1762 5.953978159
1763 5.953978159
1764 5.953978159
1765 5.953978159
1766 6.474258970
1767 6.474258970
1768 7.459438378
1769 7.469578783
1770 7.478159126
1771 7.452418097
1772 1.000000000
1773 1.000000000
1774 1.000000000
1775 5.157566303
1776 5.157566303
1777 5.157566303
1778 7.460218409
1779 7.461778471
1780 5.153666147
1781 1.444444444
1782 1.333333333
1783 1.333333333
1784 1.000000000
1785 1.000000000
1786 1.000000000
1787 1.250000000
1788 1.250000000
1789 1.250000000
1790 1.250000000
1791 1.250000000
1792 1.250000000
1793 1.000000000
1794 1.000000000
1795 1.000000000
1796 1.000000000
1797 1.000000000
1798 8.419656786
1799 7.460998440
1800 8.429017161
1801 8.426677067
1802 8.426677067
1803 7.462558502
1804 7.454758190
1805 8.433697348
1806 8.429017161
1807 1.000000000
1808 1.444444444
1809 1.444444444
1810 1.555555556
1811 7.469578783
1812 1.000000000
1813 10.423556942
1814 9.425117005
1815 10.423556942
1816 0.000000000
1817 1.555555556
1818 0.000000000
1819 1.000000000
1820 1.333333333
1821 1.000000000
1822 1.333333333
1823 1.000000000
1824 1.000000000
1825 5.158346334
1826 5.158346334
1827 7.808112324
1828 8.804212168
1829 8.804992200
1830 8.804992200
1831 2.204545455
1832 2.204545455
1833 8.804992200
1834 8.804992200
1835 5.870514821
1836 5.870514821
1837 1.000000000
1838 1.000000000
1839 1.357142857
1840 1.571428571
1841 4.656006240
1842 4.246489860
1843 4.656006240
1844 4.656006240
1845 4.656006240
1846 4.246489860
1847 5.478159126
1848 5.478159126
1849 5.478159126
1850 5.478159126
1851 5.478939158
1852 5.478159126
1853 5.478159126
1854 5.478159126
1855 5.478159126
1856 5.478159126
1857 5.478159126
1858 5.478939158
1859 5.478939158
1860 6.133385335
1861 1.000000000
1862 1.000000000
1863 1.000000000
1864 1.000000000
1865 1.000000000
1866 1.000000000
1867 1.000000000
1868 1.500000000
1869 1.500000000
1870 1.333333333
1871 1.500000000
1872 1.500000000
1873 7.812012480
1874 7.812012480
1875 7.812012480
1876 7.812012480
1877 7.812012480
1878 1.285714286
1879 1.000000000
1880 1.071428571
1881 1.285714286
1882 1.285714286
1883 1.000000000
1884 1.285714286
1885 1.000000000
1886 1.000000000
1887 1.000000000
1888 1.071428571
1889 1.285714286
1890 1.285714286
1891 1.285714286
1892 1.285714286
1893 1.000000000
1894 1.000000000
1895 1.000000000
1896 1.000000000
1897 1.000000000
1898 1.000000000
1899 1.000000000
1900 1.000000000
1901 1.166666667
1902 1.000000000
1903 1.000000000
1904 1.000000000
1905 1.000000000
1906 1.000000000
1907 1.000000000
1908 1.000000000
1909 1.166666667
1910 1.357142857
1911 1.357142857
1912 1.357142857
1913 1.357142857
1914 1.357142857
1915 1.571428571
1916 1.166666667
1917 1.571428571
1918 1.571428571
1919 1.571428571
1920 1.571428571
1921 1.571428571
1922 1.571428571
1923 1.571428571
1924 7.468018721
1925 7.468018721
1926 1.000000000
1927 1.000000000
1928 4.633385335
1929 4.666146646
1930 4.666146646
1931 4.666146646
1932 4.666926677
1933 4.666146646
1934 7.461778471
1935 4.666926677
1936 5.095163807
1937 5.092823713
1938 5.092823713
1939 5.093603744
1940 5.093603744
1941 5.093603744
1942 1.000000000
1943 1.000000000
1944 1.000000000
1945 1.000000000
1946 1.000000000
1947 1.000000000
1948 1.000000000
1949 1.000000000
1950 1.500000000
1951 1.375000000
1952 1.000000000
1953 1.250000000
1954 1.000000000
1955 1.375000000
1956 1.250000000
1957 1.375000000
1958 1.375000000
1959 1.250000000
1960 1.000000000
1961 1.000000000
1962 1.250000000
1963 1.000000000
1964 1.000000000
1965 1.000000000
1966 1.000000000
1967 1.000000000
1968 1.000000000
1969 1.400000000
1970 1.400000000
1971 1.000000000
1972 1.000000000
1973 1.000000000
1974 1.333333333
1975 1.000000000
1976 1.000000000
1977 1.333333333
1978 1.000000000
1979 1.000000000
1980 1.000000000
1981 1.000000000
1982 1.000000000
1983 1.000000000
1984 7.375195008
1985 7.374414977
1986 7.374414977
1987 7.374414977
1988 7.374414977
1989 7.374414977
1990 6.388455538
1991 7.374414977
1992 7.374414977
1993 7.374414977
1994 7.374414977
1995 7.374414977
1996 7.374414977
1997 7.374414977
1998 7.374414977
1999 5.578783151
2000 5.575663027
2001 5.575663027
2002 1.100000000
2003 1.500000000
2004 1.500000000
2005 1.600000000
2006 1.500000000
2007 1.500000000
2008 1.000000000
2009 1.500000000
2010 0.000000000
2011 0.000000000
2012 1.375000000
2013 1.375000000
2014 1.625000000
2015 1.625000000
2016 6.421216849
2017 6.420436817
2018 6.420436817
2019 6.420436817
2020 6.418876755
2021 6.418876755
2022 6.418876755
2023 6.418876755
2024 6.429017161
2025 6.429017161
2026 5.036661466
2027 5.036661466
2028 5.036661466
2029 5.036661466
2030 5.036661466
2031 5.021840874
2032 5.036661466
2033 5.021840874
2034 5.021840874
2035 5.036661466
2036 5.021840874
2037 5.032761310
2038 5.028081123
2039 5.032761310
2040 5.032761310
2041 5.028081123
2042 5.033541342
2043 5.032761310
2044 5.032761310
2045 5.032761310
2046 5.032761310
2047 5.032761310
2048 5.032761310
2049 8.813572543
2050 8.815912637
2051 7.824492980
2052 8.817472699
2053 8.815912637
2054 8.815912637
2055 8.817472699
2056 8.817472699
2057 8.817472699
2058 8.817472699
2059 8.813572543
2060 7.823712949
2061 6.860374415
2062 7.839313573
2063 7.830733229
2064 6.925117005
2065 7.838533541
2066 8.817472699
2067 8.816692668
2068 7.829953198
2069 8.815912637
2070 8.817472699
2071 8.817472699
2072 2.133333333
2073 2.444444444
2074 2.444444444
2075 2.444444444
2076 2.444444444
2077 2.444444444
2078 9.096723869
2079 9.096723869
2080 9.096723869
2081 9.096723869
2082 9.096723869
2083 9.096723869
2084 9.096723869
2085 9.098283931
2086 9.096723869
2087 9.096723869
2088 9.096723869
2089 9.098283931
2090 8.138065523
2091 9.096723869
2092 9.096723869
2093 9.096723869
2094 9.096723869
2095 9.096723869
2096 9.096723869
2097 9.096723869
2098 9.096723869
2099 9.096723869
2100 9.096723869
2101 9.096723869
2102 9.096723869
2103 9.096723869
2104 9.096723869
2105 9.096723869
2106 9.096723869
2107 9.098283931
2108 9.096723869
2109 9.096723869
2110 9.096723869
2111 9.096723869
2112 9.096723869
2113 9.096723869
2114 9.096723869
2115 9.096723869
2116 9.096723869
2117 9.096723869
2118 9.096723869
2119 9.096723869
2120 9.096723869
2121 9.096723869
2122 9.096723869
2123 9.096723869
2124 9.096723869
2125 9.096723869
2126 9.098283931
2127 9.096723869
2128 9.099843994
2129 9.099843994
2130 9.099843994
2131 9.099843994
2132 6.148205928
2133 5.150546022
2134 6.148205928
2135 5.150546022
2136 6.148205928
2137 6.148205928
2138 5.153666147
2139 1.000000000
2140 1.000000000
2141 1.000000000
2142 1.400000000
2143 1.400000000
2144 1.400000000
2145 1.000000000
2146 1.600000000
2147 1.600000000
2148 7.411856474
2149 1.000000000
2150 1.000000000
2151 1.500000000
2152 1.500000000
2153 1.500000000
2154 6.882995320
2155 6.946177847
2156 6.946177847
2157 6.946177847
2158 6.946177847
2159 1.000000000
2160 6.942277691
2161 6.943837754
2162 6.946177847
2163 6.946177847
2164 1.000000000
2165 1.000000000
2166 1.000000000
2167 1.000000000
2168 1.000000000
2169 1.000000000
2170 1.000000000
2171 1.000000000
2172 1.000000000
2173 1.125000000
2174 1.125000000
2175 6.946177847
2176 6.946177847
2177 1.666666667
2178 1.000000000
2179 1.888888889
2180 1.833333333
2181 1.000000000
2182 1.888888889
2183 1.666666667
2184 1.666666667
2185 6.946177847
2186 6.946177847
2187 5.769110764
2188 5.769110764
2189 1.000000000
2190 1.000000000
2191 6.946177847
2192 6.946177847
2193 1.100000000
2194 1.100000000
2195 6.946177847
2196 6.946177847
2197 6.946177847
2198 6.946177847
2199 6.946177847
2200 6.946177847
2201 6.946177847
2202 6.946177847
2203 6.946177847
2204 6.946177847
2205 6.946177847
2206 6.946177847
2207 6.946177847
2208 1.555555556
2209 6.946177847
2210 6.946177847
2211 6.946177847
2212 6.946177847
2213 6.946177847
2214 6.946177847
2215 1.250000000
2216 1.250000000
2217 6.946177847
2218 6.946177847
2219 6.946177847
2220 6.946177847
2221 6.946177847
2222 6.946177847
2223 5.304992200
2224 5.304992200
2225 5.304992200
2226 5.304992200
2227 6.946177847
2228 6.946177847
2229 6.946177847
2230 6.946177847
2231 5.763650546
2232 5.763650546
2233 6.946177847
2234 6.946177847
2235 7.858814353
2236 7.858814353
2237 6.946177847
2238 6.946177847
2239 6.932137285
2240 6.969578783
2241 1.750000000
2242 1.500000000
2243 1.000000000
2244 1.000000000
2245 1.500000000
2246 1.500000000
2247 1.000000000
2248 1.000000000
2249 1.000000000
2250 1.000000000
2251 6.969578783
2252 6.969578783
2253 6.969578783
2254 1.500000000
2255 6.969578783
2256 6.969578783
2257 4.880655226
2258 5.877535101
2259 4.880655226
2260 5.628705148
2261 4.880655226
2262 1.000000000
2263 1.000000000
2264 1.000000000
2265 1.000000000
2266 1.333333333
2267 1.000000000
2268 1.000000000
2269 1.000000000
2270 1.000000000
2271 1.000000000
2272 1.000000000
2273 1.000000000
2274 6.969578783
2275 6.969578783
2276 6.969578783
2277 7.922776911
2278 7.922776911
2279 7.922776911
2280 7.922776911
2281 7.922776911
2282 7.922776911
2283 6.930577223
2284 7.922776911
2285 7.922776911
2286 7.922776911
2287 7.922776911
2288 6.969578783
2289 6.969578783
2290 6.969578783
2291 6.969578783
2292 6.969578783
2293 1.000000000
2294 1.000000000
2295 1.823529412
2296 6.969578783
2297 1.823529412
2298 6.969578783
2299 6.969578783
2300 1.823529412
2301 1.823529412
2302 6.969578783
2303 6.969578783
2304 6.946177847
2305 6.969578783
2306 6.969578783
2307 1.941176471
2308 6.969578783
2309 6.969578783
2310 1.941176471
2311 6.969578783
2312 6.969578783
2313 1.941176471
2314 1.941176471
2315 6.969578783
2316 6.969578783
2317 1.941176471
2318 1.941176471
2319 1.941176471
2320 6.969578783
2321 1.750000000
2322 1.750000000
2323 1.750000000
2324 1.750000000
2325 1.750000000
2326 6.969578783
2327 1.500000000
2328 1.500000000
2329 6.969578783
2330 6.969578783
2331 1.250000000
2332 1.250000000
2333 1.000000000
2334 1.250000000
2335 1.571428571
2336 1.571428571
2337 1.642857143
2338 1.571428571
2339 1.571428571
2340 1.571428571
2341 1.571428571
2342 1.571428571
2343 1.571428571
2344 1.035714286
2345 1.571428571
2346 1.571428571
2347 1.607142857
2348 1.607142857
2349 1.250000000
2350 1.000000000
2351 1.500000000
2352 1.500000000
2353 1.333333333
2354 1.000000000
2355 1.000000000
2356 1.000000000
2357 1.000000000
2358 5.153666147
2359 5.542121685
2360 5.542121685
2361 5.542121685
2362 5.542121685
2363 1.000000000
2364 1.000000000
2365 1.000000000
2366 1.833333333
2367 1.833333333
2368 1.833333333
2369 1.833333333
2370 1.000000000
2371 1.000000000
2372 1.000000000
2373 1.000000000
2374 1.000000000
2375 1.000000000
2376 1.000000000
2377 1.833333333
2378 1.833333333
2379 1.000000000
2380 1.500000000
2381 1.500000000
2382 6.969578783
2383 6.969578783
2384 6.969578783
2385 6.969578783
2386 6.969578783
2387 6.969578783
2388 6.969578783
2389 6.969578783
2390 6.969578783
2391 6.502340094
2392 6.502340094
2393 6.502340094
2394 1.000000000
2395 1.000000000
2396 1.000000000
2397 1.500000000
2398 2.250000000
2399 1.000000000
2400 1.000000000
2401 2.250000000
2402 1.000000000
2403 1.000000000
2404 1.000000000
2405 1.000000000
2406 1.000000000
2407 1.000000000
2408 1.000000000
2409 1.000000000
2410 1.000000000
2411 1.250000000
2412 0.000000000
2413 1.000000000
2414 1.000000000
2415 1.000000000
2416 1.000000000
2417 1.000000000
2418 1.000000000
2419 1.000000000
2420 1.000000000
2421 1.000000000
2422 1.000000000
2423 0.000000000
2424 1.250000000
2425 1.000000000
2426 1.000000000
2427 1.250000000
2428 1.000000000
2429 1.000000000
2430 1.000000000
2431 1.000000000
2432 1.000000000
2433 1.941176471
2434 1.250000000
2435 1.083333333
2436 1.583333333
2437 1.416666667
2438 1.833333333
2439 1.166666667
2440 1.583333333
2441 1.750000000
2442 1.583333333
2443 1.583333333
2444 1.416666667
2445 1.583333333
2446 5.938377535
2447 5.924336973
2448 5.924336973
2449 5.939937598
2450 5.939157566
2451 5.938377535
2452 5.939937598
2453 5.939157566
2454 5.939937598
2455 1.333333333
2456 1.000000000
2457 1.000000000
2458 1.000000000
2459 1.000000000
2460 1.500000000
2461 1.000000000
2462 1.500000000
2463 1.333333333
2464 1.333333333
2465 1.250000000
2466 1.333333333
2467 1.000000000
2468 1.000000000
2469 1.000000000
2470 1.000000000
2471 1.000000000
2472 1.076923077
2473 1.692307692
2474 1.076923077
2475 1.076923077
2476 1.076923077
2477 1.692307692
2478 1.692307692
2479 1.692307692
2480 1.692307692
2481 1.692307692
2482 1.692307692
2483 1.692307692
2484 1.692307692
2485 1.692307692
2486 1.000000000
2487 1.500000000
2488 1.500000000
2489 1.428571429
2490 1.428571429
2491 1.071428571
2492 1.214285714
2493 1.071428571
2494 1.214285714
2495 1.214285714
2496 5.158346334
2497 5.158346334
2498 1.000000000
2499 1.000000000
2500 1.000000000
2501 1.000000000
2502 1.000000000
2503 1.000000000
2504 1.363636364
2505 1.272727273
2506 1.363636364
2507 1.272727273
2508 1.272727273
2509 1.272727273
2510 1.214285714
2511 1.428571429
2512 1.428571429
2513 1.428571429
2514 1.428571429
2515 1.000000000
2516 1.000000000
2517 1.428571429
2518 1.428571429
2519 1.000000000
2520 1.000000000
2521 1.000000000
2522 1.555555556
2523 1.555555556
2524 1.000000000
2525 1.555555556
2526 1.846153846
2527 1.846153846
2528 1.941176471
2529 1.941176471
2530 0.000000000
2531 1.000000000
2532 1.000000000
2533 1.000000000
2534 1.000000000
2535 2.187500000
2536 2.250000000
2537 1.250000000
2538 1.500000000
2539 2.866666667
2540 1.928571429
2541 1.857142857
2542 1.500000000
2543 1.500000000
2544 1.250000000
2545 7.496099844
2546 6.512480499
2547 6.512480499
2548 1.142857143
2549 1.000000000
2550 1.000000000
2551 1.000000000
2552 1.600000000
2553 1.000000000
2554 1.600000000
2555 1.600000000
2556 1.600000000
2557 6.968798752
2558 6.968798752
2559 6.969578783
2560 6.534321373
2561 6.535101404
2562 6.969578783
2563 0.000000000
2564 6.968798752
2565 6.968798752
2566 1.750000000
2567 1.000000000
2568 1.000000000
2569 1.000000000
2570 6.969578783
2571 6.969578783
2572 5.765990640
2573 5.767550702
2574 1.500000000
2575 2.375000000
2576 1.750000000
2577 2.000000000
2578 6.513260530
2579 7.496879875
2580 7.496099844
2581 7.496099844
2582 7.496879875
2583 7.496879875
2584 5.793291732
2585 5.793291732
2586 5.793291732
2587 5.767550702
2588 5.767550702
2589 6.969578783
2590 1.000000000
2591 1.000000000
2592 6.033541342
2593 6.033541342
2594 6.178627145
2595 6.178627145
2596 1.000000000
2597 1.000000000
2598 1.000000000
2599 1.000000000
2600 1.000000000
2601 1.000000000
2602 1.000000000
2603 1.000000000
2604 1.000000000
2605 1.000000000
2606 1.000000000
2607 1.000000000
2608 1.857142857
2609 1.000000000
2610 1.000000000
2611 1.000000000
2612 1.000000000
2613 3.117647059
2614 1.666666667
2615 1.555555556
2616 1.666666667
2617 1.666666667
2618 1.666666667
2619 2.375000000
2620 1.625000000
2621 1.875000000
2622 6.152106084
2623 5.153666147
2624 5.155226209
2625 2.750000000
2626 2.500000000
2627 5.152106084
2628 5.152106084
2629 5.155226209
2630 5.156006240
2631 6.152886115
2632 1.000000000
2633 1.000000000
2634 5.478939158
2635 6.148205928
2636 1.000000000
2637 1.000000000
2638 6.032761310
2639 6.032761310
2640 6.031201248
2641 2.000000000
2642 2.933333333
2643 2.933333333
2644 1.333333333
2645 2.125000000
2646 2.312500000
2647 2.187500000
2648 1.000000000
2649 1.666666667
2650 1.000000000
2651 1.000000000
2652 1.000000000
2653 1.666666667
2654 1.666666667
2655 1.666666667
2656 1.000000000
2657 1.000000000
2658 1.333333333
2659 1.333333333
2660 1.000000000
2661 1.666666667
2662 1.000000000
2663 1.000000000
2664 1.000000000
2665 1.000000000
2666 1.000000000
2667 1.000000000
2668 1.000000000
2669 1.000000000
2670 1.000000000
2671 1.000000000
2672 1.000000000
2673 1.000000000
2674 1.000000000
2675 1.000000000
2676 1.333333333
2677 1.000000000
2678 1.333333333
2679 1.250000000
2680 1.000000000
2681 1.250000000
2682 2.882352941
2683 1.941176471
2684 1.250000000
2685 1.250000000
2686 2.000000000
2687 5.158346334
2688 5.158346334
2689 1.857142857
2690 1.928571429
2691 2.785714286
2692 1.000000000
2693 1.000000000
2694 1.000000000
2695 1.000000000
2696 1.000000000
2697 1.000000000
2698 1.500000000
2699 1.714285714
2700 1.928571429
2701 1.928571429
2702 1.928571429
2703 2.642857143
2704 1.000000000
2705 1.000000000
2706 1.000000000
2707 2.000000000
2708 1.000000000
2709 1.000000000
2710 5.612324493
2711 6.610764431
2712 6.610764431
2713 1.000000000
2714 1.000000000
2715 5.765990640
2716 5.762090484
2717 5.760530421
2718 1.500000000
2719 5.767550702
2720 5.767550702
2721 1.000000000
2722 1.500000000
2723 1.733333333
2724 1.666666667
2725 1.666666667
2726 1.600000000
2727 1.533333333
2728 1.666666667
2729 1.882352941
2730 1.000000000
2731 1.000000000
2732 1.882352941
2733 1.882352941
2734 1.882352941
2735 1.882352941
2736 1.882352941
2737 1.882352941
2738 1.882352941
2739 1.882352941
2740 1.882352941
2741 1.882352941
2742 1.882352941
2743 1.882352941
2744 1.882352941
2745 1.882352941
2746 1.882352941
2747 1.352941176
2748 2.235294118
2749 2.058823529
2750 2.235294118
2751 2.235294118
2752 1.000000000
2753 1.000000000
2754 1.000000000
2755 2.294117647
2756 2.176470588
2757 1.470588235
2758 2.294117647
2759 1.777777778
2760 1.777777778
2761 2.000000000
2762 1.764705882
2763 2.411764706
2764 2.062500000
2765 1.500000000
2766 2.312500000
2767 2.375000000
2768 3.250000000
2769 3.250000000
2770 2.294117647
2771 2.352941176
2772 2.352941176
2773 2.235294118
2774 1.600000000
2775 1.600000000
2776 1.666666667
2777 1.666666667
2778 2.312500000
2779 2.294117647
2780 2.294117647
2781 1.933333333
2782 2.117647059
2783 2.470588235
2784 1.705882353
2785 2.470588235
2786 1.705882353
2787 2.411764706
2788 2.352941176
2789 2.352941176
2790 1.166666667
2791 1.500000000
2792 1.500000000
2793 2.294117647
2794 2.125000000
2795 2.235294118
2796 2.312500000
2797 2.312500000
2798 1.000000000
2799 1.000000000
2800 1.333333333
2801 1.333333333
2802 1.833333333
2803 1.833333333
2804 3.125000000
2805 1.500000000
2806 1.000000000
2807 1.250000000
2808 1.250000000
2809 1.250000000
2810 1.250000000
2811 1.714285714
2812 1.785714286
2813 1.785714286
2814 1.000000000
2815 1.000000000
2816 1.000000000
2817 1.250000000
2818 1.250000000
2819 1.000000000
2820 1.000000000
2821 1.000000000
2822 1.000000000
2823 1.000000000
2824 1.200000000
2825 1.000000000
2826 1.400000000
2827 1.400000000
2828 1.600000000
2829 5.868174727
2830 1.555555556
2831 5.602184087
2832 5.602184087
2833 5.602184087
2834 5.602184087
2835 5.602184087
2836 5.602184087
2837 5.602184087
2838 5.602184087
2839 5.602184087
2840 5.767550702
2841 5.767550702
2842 1.333333333
2843 1.333333333
2844 1.333333333
2845 1.642857143
2846 1.642857143
2847 1.642857143
2848 1.642857143
2849 1.642857143
2850 1.500000000
2851 1.500000000
2852 1.678571429
2853 1.678571429
2854 5.614664587
2855 5.613884555
2856 5.436817473
2857 4.620124805
2858 5.436817473
2859 1.000000000
2860 1.000000000
2861 1.000000000
2862 1.000000000
2863 6.909516381
2864 6.909516381
2865 6.909516381
2866 6.909516381
2867 6.909516381
2868 6.909516381
2869 6.909516381
2870 6.909516381
2871 6.909516381
2872 6.909516381
2873 6.909516381
2874 6.909516381
2875 6.909516381
2876 6.909516381
2877 1.000000000
2878 1.250000000
2879 1.250000000
2880 1.000000000
2881 1.000000000
2882 1.000000000
2883 1.250000000
2884 1.250000000
2885 1.400000000
2886 4.802652106
2887 4.802652106
2888 4.802652106
2889 5.673946958
2890 4.802652106
2891 4.802652106
2892 4.802652106
2893 4.802652106
2894 4.680187207
2895 5.602184087
2896 5.602184087
2897 5.602184087
2898 5.602184087
2899 5.602184087
2900 5.602184087
2901 5.602184087
2902 5.602184087
2903 5.602184087
2904 4.803432137
2905 4.803432137
2906 4.803432137
2907 5.800312012
2908 5.800312012
2909 4.801872075
2910 4.682527301
2911 4.801872075
2912 5.661466459
2913 4.680187207
2914 4.680187207
2915 4.680187207
2916 4.801872075
2917 4.879095164
2918 5.437597504
2919 4.803432137
2920 4.803432137
2921 4.803432137
2922 4.803432137
2923 4.803432137
2924 4.803432137
2925 4.677067083
2926 5.003900156
2927 5.003900156
2928 4.675507020
2929 5.003900156
2930 5.003900156
2931 5.003900156
2932 4.675507020
2933 4.767550702
2934 4.767550702
2935 4.767550702
2936 4.768330733
2937 4.768330733
2938 4.968018721
2939 4.773010920
2940 4.675507020
2941 4.977379095
2942 4.982059282
2943 4.881435257
2944 4.974258970
2945 4.874414977
2946 4.978939158
2947 4.881435257
2948 4.881435257
2949 5.865834633
2950 6.864274571
2951 6.864274571
2952 4.974258970
2953 4.979719189
2954 4.883775351
2955 4.883775351
2956 1.400000000
2957 1.400000000
2958 4.977379095
2959 4.977379095
2960 4.885335413
2961 4.885335413
2962 4.887675507
2963 2.400000000
2964 2.400000000
2965 1.000000000
2966 1.000000000
2967 1.000000000
2968 1.000000000
2969 1.000000000
2970 1.000000000
2971 1.000000000
2972 1.000000000
2973 1.416666667
2974 1.416666667
2975 1.416666667
2976 1.416666667
2977 1.416666667
2978 1.000000000
2979 1.000000000
2980 1.000000000
2981 1.000000000
2982 1.000000000
2983 1.000000000
2984 1.000000000
2985 1.000000000
2986 1.400000000
2987 5.629485179
2988 5.629485179
2989 5.629485179
2990 5.629485179
2991 5.629485179
2992 5.629485179
2993 5.629485179
2994 5.629485179
2995 1.400000000
2996 5.553042122
2997 5.554602184
2998 1.400000000
2999 5.553042122
3000 5.553042122
3001 5.553042122
3002 5.553042122
3003 1.400000000
3004 5.553822153
3005 5.637285491
3006 5.637285491
3007 1.500000000
3008 1.500000000
3009 1.500000000
3010 1.000000000
3011 1.000000000
3012 1.000000000
3013 1.000000000
3014 1.000000000
3015 1.000000000
3016 1.000000000
3017 1.000000000
3018 1.000000000
3019 1.400000000
3020 0.000000000
3021 1.571428571
3022 1.857142857
3023 1.857142857
3024 1.857142857
3025 0.000000000
3026 0.000000000
3027 1.000000000
3028 1.000000000
3029 0.000000000
3030 0.000000000
3031 0.000000000
3032 1.000000000
3033 1.000000000
3034 0.000000000
3035 1.875000000
3036 1.750000000
3037 1.750000000
3038 1.625000000
3039 2.750000000
3040 2.750000000
3041 2.500000000
3042 1.250000000
3043 1.500000000
3044 2.000000000
3045 1.500000000
3046 1.750000000
3047 2.500000000
3048 2.500000000
3049 0.000000000
3050 5.767550702
3051 5.767550702
3052 5.767550702
3053 5.767550702
3054 1.000000000
3055 1.000000000
3056 5.767550702
3057 5.767550702
3058 5.357254290
3059 5.357254290
3060 5.357254290
3061 2.500000000
3062 1.000000000
3063 1.000000000
3064 1.000000000
3065 0.000000000
3066 0.000000000
3067 1.000000000
3068 1.500000000
3069 6.511700468
3070 6.509360374
3071 1.000000000
3072 1.000000000
3073 1.000000000
3074 1.000000000
3075 1.000000000
3076 1.500000000
3077 1.750000000
3078 1.000000000
3079 1.666666667
3080 1.000000000
3081 1.250000000
3082 1.000000000
3083 1.750000000
3084 1.000000000
3085 1.000000000
3086 1.000000000
3087 1.000000000
3088 1.666666667
3089 1.000000000
3090 1.666666667
3091 1.625000000
3092 5.804992200
3093 6.424336973
3094 6.424336973
3095 6.427457098
3096 6.425117005
3097 6.426677067
3098 6.425117005
3099 1.000000000
3100 1.666666667
3101 6.427457098
3102 6.426677067
3103 1.000000000
3104 1.000000000
3105 6.428237129
3106 6.428237129
3107 1.166666667
3108 1.166666667
3109 1.166666667
3110 1.166666667
3111 1.166666667
3112 1.166666667
3113 1.166666667
3114 1.166666667
3115 1.166666667
3116 1.166666667
3117 1.166666667
3118 1.166666667
3119 1.166666667
3120 1.166666667
3121 1.166666667
3122 6.959438378
3123 6.959438378
3124 6.959438378
3125 6.968018721
3126 5.792511700
3127 5.792511700
3128 5.792511700
3129 6.968018721
3130 6.968018721
3131 6.968018721
3132 6.968018721
3133 6.968018721
3134 6.968018721
3135 6.968018721
3136 6.968018721
3137 6.968018721
3138 6.968018721
3139 2.666666667
3140 1.000000000
3141 1.000000000
3142 6.946177847
3143 5.155226209
3144 6.968018721
3145 6.845553822
3146 6.845553822
3147 6.845553822
3148 6.845553822
3149 6.845553822
3150 6.861934477
3151 6.861934477
3152 7.860374415
3153 5.865054602
3154 1.000000000
3155 1.000000000
3156 8.816692668
3157 8.817472699
3158 8.817472699
3159 8.817472699
3160 8.817472699
3161 6.427457098
3162 6.946177847
3163 1.600000000
3164 1.700000000
3165 2.300000000
3166 1.700000000
3167 6.031981279
3168 6.031981279
3169 6.031981279
3170 6.031981279
3171 6.946177847
3172 1.000000000
3173 1.000000000
3174 1.000000000
3175 1.750000000
3176 1.500000000
3177 1.166666667
3178 1.000000000
3179 1.166666667
3180 1.333333333
3181 1.666666667
3182 1.166666667
3183 1.000000000
3184 1.000000000
3185 1.000000000
3186 1.863636364
3187 1.863636364
3188 1.863636364
3189 1.863636364
3190 1.863636364
3191 1.863636364
3192 1.863636364
3193 1.863636364
3194 1.250000000
3195 1.250000000
3196 1.250000000
3197 6.946177847
3198 6.421216849
3199 1.000000000
3200 1.000000000
3201 1.000000000
3202 1.000000000
3203 1.000000000
3204 1.000000000
3205 1.000000000
3206 1.000000000
3207 1.285714286
3208 1.285714286
3209 1.285714286
3210 1.285714286
3211 1.285714286
3212 1.000000000
3213 1.500000000
3214 5.146645866
3215 5.146645866
3216 5.146645866
3217 5.146645866
3218 5.146645866
3219 5.146645866
3220 5.036661466
3221 5.033541342
3222 1.000000000
3223 1.000000000
3224 5.762870515
3225 5.762870515
3226 5.762870515
3227 5.762870515
3228 5.762870515
3229 5.762870515
3230 5.762870515
3231 5.305772231
3232 5.306552262
3233 5.306552262
3234 4.737129485
3235 5.283151326
3236 1.200000000
3237 6.968018721
3238 6.968018721
3239 6.968018721
3240 6.968018721
3241 6.968018721
3242 6.512480499
3243 1.473684211
3244 1.210526316
3245 1.000000000
3246 1.210526316
3247 1.000000000
3248 1.000000000
3249 1.210526316
3250 1.210526316
3251 1.210526316
3252 1.210526316
3253 1.473684211
3254 1.000000000
3255 1.000000000
3256 1.250000000
3257 1.250000000
3258 1.600000000
3259 1.600000000
3260 6.946177847
3261 1.000000000
3262 1.500000000
3263 1.473684211
3264 1.421052632
3265 1.000000000
3266 1.000000000
3267 1.000000000
3268 1.000000000
3269 1.000000000
3270 1.000000000
3271 1.631578947
3272 1.263157895
3273 1.631578947
3274 1.631578947
3275 1.631578947
3276 1.473684211
3277 1.473684211
3278 1.000000000
3279 1.000000000
3280 1.000000000
3281 1.000000000
3282 1.000000000
3283 1.000000000
3284 1.000000000
3285 9.163806552
3286 8.171606864
3287 9.163806552
3288 9.163806552
3289 9.163806552
3290 9.163806552
3291 9.163806552
3292 9.163806552
3293 9.163806552
3294 9.163806552
3295 9.163806552
3296 1.166666667
3297 8.179407176
3298 5.574102964
3299 1.000000000
3300 1.000000000
3301 1.000000000
3302 8.446177847
3303 1.846153846
3304 1.307692308
3305 7.375195008
3306 6.946177847
3307 1.000000000
3308 1.000000000
3309 1.111111111
3310 1.000000000
3311 1.000000000
3312 1.111111111
3313 1.111111111
3314 6.946177847
3315 1.000000000
3316 1.000000000
3317 1.000000000
3318 1.000000000
3319 1.666666667
3320 6.546801872
3321 5.652886115
3322 1.000000000
3323 1.000000000
3324 1.000000000
3325 5.440717629
3326 5.440717629
3327 5.440717629
3328 5.440717629
3329 5.440717629
3330 5.440717629
3331 5.440717629
3332 5.440717629
3333 5.440717629
3334 5.440717629
3335 5.440717629
3336 5.440717629
3337 5.440717629
3338 5.440717629
3339 5.440717629
3340 5.440717629
3341 5.440717629
3342 5.440717629
3343 5.440717629
3344 5.440717629
3345 5.440717629
3346 5.440717629
3347 5.440717629
3348 5.440717629
3349 6.946177847
3350 6.533541342
3351 6.533541342
3352 2.666666667
3353 6.946177847
3354 2.666666667
3355 3.466666667
3356 2.533333333
3357 5.856474259
3358 2.200000000
3359 3.466666667
3360 1.000000000
3361 1.000000000
3362 3.466666667
3363 1.000000000
3364 1.000000000
3365 1.000000000
3366 1.000000000
3367 1.000000000
3368 1.000000000
3369 1.000000000
3370 1.000000000
3371 1.000000000
3372 1.000000000
3373 1.000000000
3374 1.000000000
3375 1.000000000
3376 1.000000000
3377 5.856474259
3378 1.000000000
3379 1.000000000
3380 6.946177847
3381 5.006240250
3382 5.006240250
3383 1.000000000
3384 1.000000000
3385 1.000000000
3386 1.000000000
3387 1.000000000
3388 2.800000000
3389 2.666666667
3390 2.666666667
3391 7.414196568
3392 6.946177847
3393 6.946177847
3394 1.714285714
3395 1.714285714
3396 1.000000000
3397 1.000000000
3398 1.000000000
3399 1.000000000
3400 1.000000000
3401 1.111111111
3402 1.111111111
3403 1.111111111
3404 1.000000000
3405 1.000000000
3406 1.500000000
3407 1.000000000
3408 1.000000000
3409 1.000000000
3410 1.000000000
3411 1.000000000
3412 7.840873635
3413 1.000000000
3414 1.500000000
3415 6.032761310
3416 6.032761310
3417 1.000000000
3418 1.000000000
3419 1.500000000
3420 1.000000000
3421 1.000000000
3422 1.000000000
3423 1.000000000
3424 1.000000000
3425 1.000000000
3426 1.000000000
3427 1.000000000
3428 1.000000000
3429 1.000000000
3430 1.000000000
3431 1.000000000
3432 5.867394696
3433 5.867394696
3434 1.000000000
3435 1.000000000
3436 1.000000000
3437 1.000000000
3438 6.946177847
3439 1.000000000
3440 1.000000000
3441 1.000000000
3442 1.000000000
3443 6.572542902
3444 6.571762871
3445 6.572542902
3446 1.500000000
3447 1.000000000
3448 1.500000000
3449 1.500000000
3450 6.946177847
3451 1.000000000
3452 1.000000000
3453 1.000000000
3454 1.000000000
3455 1.000000000
3456 1.000000000
3457 1.800000000
3458 1.000000000
3459 5.152106084
3460 5.151326053
3461 5.151326053
3462 5.151326053
3463 1.000000000
3464 1.000000000
3465 5.154446178
3466 5.154446178
3467 5.154446178
3468 5.154446178
3469 6.148985959
3470 6.148985959
3471 7.147425897
3472 5.666926677
3473 5.666926677
3474 5.666926677
3475 1.200000000
3476 1.200000000
3477 1.200000000
3478 1.200000000
3479 1.400000000
3480 1.000000000
3481 1.000000000
3482 1.000000000
3483 1.400000000
3484 1.400000000
3485 1.000000000
3486 1.000000000
3487 1.000000000
3488 6.535101404
3489 5.926677067
3490 5.926677067
3491 5.926677067
3492 1.000000000
3493 1.800000000
3494 1.800000000
3495 1.714285714
3496 1.714285714
3497 1.700000000
3498 1.800000000
3499 6.946177847
3500 1.800000000
3501 1.500000000
3502 1.600000000
3503 1.500000000
3504 1.500000000
3505 1.600000000
3506 6.968018721
3507 6.968018721
3508 6.967238690
3509 6.967238690
3510 6.968018721
3511 6.946177847
3512 6.968018721
3513 6.968018721
3514 6.968018721
3515 6.968018721
3516 6.968018721
3517 6.968018721
3518 6.968018721
3519 1.000000000
3520 1.000000000
3521 1.000000000
3522 5.762870515
3523 5.763650546
3524 5.763650546
3525 6.968018721
3526 6.968018721
3527 1.000000000
3528 1.000000000
3529 1.000000000
3530 1.000000000
3531 5.769110764
3532 5.769110764
3533 1.500000000
3534 1.000000000
3535 1.000000000
3536 1.000000000
3537 5.712948518
3538 5.766770671
3539 5.767550702
3540 5.766770671
3541 5.767550702
3542 7.940717629
3543 7.940717629
3544 5.768330733
3545 1.000000000
3546 1.000000000
3547 1.250000000
3548 1.000000000
3549 1.000000000
3550 1.000000000
3551 1.250000000
3552 1.846153846
3553 1.846153846
3554 1.846153846
3555 6.512480499
3556 1.769230769
3557 1.769230769
3558 1.000000000
3559 1.000000000
3560 1.000000000
3561 1.000000000
3562 1.846153846
3563 6.177847114
3564 6.177847114
3565 1.250000000
3566 1.600000000
3567 1.846153846
3568 6.946177847
3569 1.722222222
3570 1.722222222
3571 1.722222222
3572 1.722222222
3573 1.722222222
3574 1.722222222
3575 1.722222222
3576 1.722222222
3577 2.166666667
3578 2.166666667
3579 2.166666667
3580 1.600000000
3581 1.600000000
3582 1.000000000
3583 1.000000000
3584 5.158346334
3585 5.158346334
3586 1.000000000
3587 1.000000000
3588 6.511700468
3589 6.510140406
3590 6.511700468
3591 6.511700468
3592 1.000000000
3593 1.000000000
3594 1.000000000
3595 1.000000000
3596 1.000000000
3597 1.000000000
3598 1.000000000
3599 1.000000000
3600 1.000000000
3601 1.000000000
3602 1.000000000
3603 1.666666667
3604 1.000000000
3605 0.000000000
3606 6.746489860
3607 7.744149766
3608 8.743369735
3609 1.000000000
3610 1.000000000
3611 6.512480499
3612 6.512480499
3613 0.000000000
3614 1.666666667
3615 1.666666667
3616 0.000000000
3617 0.000000000
3618 1.333333333
3619 1.000000000
3620 1.666666667
3621 1.666666667
3622 1.666666667
3623 0.000000000
3624 0.000000000
3625 0.000000000
3626 1.636363636
3627 0.000000000
3628 1.666666667
3629 1.666666667
3630 1.333333333
3631 1.000000000
3632 1.500000000
3633 1.250000000
3634 1.250000000
3635 1.500000000
3636 1.500000000
3637 1.000000000
3638 1.000000000
3639 1.000000000
3640 1.000000000
3641 1.000000000
3642 1.000000000
3643 1.000000000
3644 1.000000000
3645 1.000000000
3646 1.000000000
3647 1.000000000
3648 1.000000000
3649 1.000000000
3650 1.000000000
3651 1.000000000
3652 1.000000000
3653 1.000000000
3654 1.000000000
3655 1.000000000
3656 1.000000000
3657 1.000000000
3658 1.000000000
3659 1.000000000
3660 1.000000000
3661 1.000000000
3662 1.000000000
3663 1.500000000
3664 1.000000000
3665 1.500000000
3666 1.200000000
3667 1.200000000
3668 1.000000000
3669 1.000000000
3670 1.000000000
3671 1.000000000
3672 1.400000000
3673 1.000000000
3674 1.000000000
3675 1.000000000
3676 1.000000000
3677 1.000000000
3678 1.000000000
3679 1.000000000
3680 1.000000000
3681 1.000000000
3682 1.000000000
3683 1.000000000
3684 1.000000000
3685 1.000000000
3686 1.000000000
3687 1.500000000
3688 1.000000000
3689 1.500000000
3690 6.946177847
3691 6.946177847
3692 6.946177847
