28525634 107.494868200

0 0.001218852
1 0.001083424
2 0.000947996
3 0.046515074
4 0.055979857
5 0.046650502
6 0.003250271
7 0.002685988
8 0.003656555
9 0.000000000
10 0.094760121
11 0.122051862
12 0.100529351
13 0.088823862
14 0.088823862
15 0.000000000
16 0.068097327
17 0.000722282
18 0.000541712
19 0.000812568
20 0.000000000
21 0.053858153
22 0.053497012
23 0.053361584
24 0.070760744
25 0.070625316
26 0.070760744
27 0.070760744
28 0.070625316
29 0.000406284
30 0.000541712
31 0.000270856
32 0.000270856
33 0.000406284
34 0.000835139
35 0.001309137
36 0.002189419
37 0.002934272
38 0.000000000
39 0.000000000
40 0.000270856
41 0.000270856
42 0.001760563
43 0.001760563
44 0.001895991
45 0.002031419
46 0.000270856
47 0.000270856
48 0.074124838
49 0.089807972
50 0.002144276
51 0.001760563
52 0.001670278
53 0.083515086
54 0.001083424
55 0.001083424
56 0.001083424
57 0.001083424
58 0.083515086
59 0.083515086
60 0.083515086
61 0.001083424
62 0.000000000
63 0.002166847
64 0.002166847
65 0.001354280
66 0.000541712
67 0.000541712
68 0.000541712
69 0.074124838
70 0.059287846
71 0.000812568
72 0.000541712
73 0.000541712
74 0.000541712
75 0.000541712
76 0.004604550
77 0.003114843
78 0.003114843
79 0.000541712
80 0.000541712
81 0.000541712
82 0.054829472
83 0.066109116
84 0.054829472
85 0.054829472
86 0.054829472
87 0.054829472
88 0.053209408
89 0.052667696
90 0.064529983
91 0.001354280
92 0.001083424
93 0.002031419
94 0.001489707
95 0.052667696
96 0.001625135
97 0.001760563
98 0.000541712
99 0.000812568
100 0.000541712
101 0.000541712
102 0.001083424
103 0.000812568
104 0.001083424
105 0.001715421
106 0.001625135
107 0.000541712
108 0.000812568
109 0.000270856
110 0.001173709
111 0.000541712
112 0.000406284
113 0.001083424
114 0.001083424
115 0.000947996
116 0.001083424
117 0.000270856
118 0.000270856
119 0.000541712
120 0.002437703
121 0.000000000
122 0.000677140
123 0.001083424
124 0.000677140
125 0.000677140
126 0.000677140
127 0.001083424
128 0.000812568
129 0.000677140
130 0.000677140
131 0.000812568
132 0.001625135
133 0.000270856
134 0.000270856
135 0.076738813
136 0.066199974
137 0.000270856
138 0.000270856
139 0.000812568
140 0.000812568
141 0.000812568
142 0.000812568
143 0.000270856
144 0.000270856
145 0.000541712
146 0.000541712
147 0.000270856
148 0.000270856
149 0.002708559
150 0.002708559
151 0.002708559
152 0.002708559
153 0.002708559
154 0.002708559
155 0.002708559
156 0.002708559
157 0.002708559
158 0.002708559
159 0.002708559
160 0.001354280
161 0.000812568
162 0.000270856
163 0.000270856
164 0.001218852
165 0.000947996
166 0.001218852
167 0.000947996
168 0.000947996
169 0.000947996
170 0.000812568
171 0.000812568
172 0.000406284
173 0.000270856
174 0.000270856
175 0.000406284
176 0.000541712
177 0.101234222
178 0.091691065
179 0.074687187
180 0.074551759
181 0.000812568
182 0.000812568
183 0.000812568
184 0.000812568
185 0.087586377
186 0.080899460
187 0.081034888
188 0.000406284
189 0.000857710
190 0.001354280
191 0.000000000
192 0.000000000
193 0.059940480
194 0.074576265
195 0.059669624
196 0.000270856
197 0.000270856
198 0.002437703
199 0.002437703
200 0.001760563
201 0.002437703
202 0.002437703
203 0.000270856
204 0.000270856
205 0.000000000
206 0.081944357
207 0.064374075
208 0.069976395
209 0.000000000
210 0.001760563
211 0.000000000
212 0.068423468
213 0.067536220
214 0.000000000
215 0.064374075
216 0.001173709
217 0.000000000
218 0.000000000
219 0.001173709
220 0.000000000
221 0.000541712
222 0.000541712
223 0.000541712
224 0.045265121
225 0.045265121
226 0.000947996
227 0.000947996
228 0.074080341
229 0.074080341
230 0.074080341
231 0.074080341
232 0.074080341
233 0.074080341
234 0.074080341
235 0.074080341
236 0.074080341
237 0.073944913
238 0.074080341
239 0.096691864
240 0.076603385
241 0.000270856
242 0.000270856
243 0.053226156
244 0.053677582
245 0.045359422
246 0.001354280
247 0.000902853
248 0.060977579
249 0.050016394
250 0.050151822
251 0.000947996
252 0.083763371
253 0.000541712
254 0.000406284
255 0.000767425
256 0.000270856
257 0.000270856
258 0.000631997
259 0.001805706
260 0.002843987
261 0.092003624
262 0.073197733
263 0.001895991
264 0.000270856
265 0.000270856
266 0.001354280
267 0.000947996
268 0.001354280
269 0.045043423
270 0.002166847
271 0.001895991
272 0.001895991
273 0.002437703
274 0.001895991
275 0.001986277
276 0.072726061
277 0.072861489
278 0.001625135
279 0.001625135
280 0.002121705
281 0.001494222
282 0.053181013
283 0.002076562
284 0.000270856
285 0.000270856
286 0.002347418
287 0.002211990
288 0.003521127
289 0.002347418
290 0.000812568
291 0.001083424
292 0.001083424
293 0.000406284
294 0.000000000
295 0.000812568
296 0.000812568
297 0.000812568
298 0.000812568
299 0.075660333
300 0.059570848
301 0.059570848
302 0.059570848
303 0.072925461
304 0.057012080
305 0.057012080
306 0.057012080
307 0.057012080
308 0.057012080
309 0.057012080
310 0.057012080
311 0.057012080
312 0.057012080
313 0.057012080
314 0.057012080
315 0.077255198
316 0.076848914
317 0.076848914
318 0.092260830
319 0.096917187
320 0.076848914
321 0.076848914
322 0.076848914
323 0.076848914
324 0.081735069
325 0.062408278
326 0.062408278
327 0.077557400
328 0.068087028
329 0.068087028
330 0.068087028
331 0.068087028
332 0.069125309
333 0.068087028
334 0.068087028
335 0.068087028
336 0.068087028
337 0.068087028
338 0.068087028
339 0.068087028
340 0.068087028
341 0.068087028
342 0.068087028
343 0.068087028
344 0.068087028
345 0.068087028
346 0.068087028
347 0.068087028
348 0.068087028
349 0.068087028
350 0.068087028
351 0.068087028
352 0.068087028
353 0.068087028
354 0.068087028
355 0.068087028
356 0.068087028
357 0.068087028
358 0.068087028
359 0.068087028
360 0.068087028
361 0.068087028
362 0.068087028
363 0.068087028
364 0.068087028
365 0.068087028
366 0.068087028
367 0.068087028
368 0.068087028
369 0.068087028
370 0.068087028
371 0.068087028
372 0.068087028
373 0.068087028
374 0.068087028
375 0.070481221
376 0.070481221
377 0.070481221
378 0.072726061
379 0.073944913
380 0.000812568
381 0.000812568
382 0.050016394
383 0.052684444
384 0.000270856
385 0.000270856
386 0.050235874
387 0.050235874
388 0.001805706
389 0.001805706
390 0.085337345
391 0.066866369
392 0.076603385
393 0.001625135
394 0.001805706
395 0.001625135
396 0.000541712
397 0.000541712
398 0.000541712
399 0.001083424
400 0.000677140
401 0.000677140
402 0.000677140
403 0.001625135
404 0.000541712
405 0.000541712
406 0.001083424
407 0.000677140
408 0.087966152
409 0.087830724
410 0.087695296
411 0.000270856
412 0.000270856
413 0.001895991
414 0.001895991
415 0.001895991
416 0.062089378
417 0.081319668
418 0.079053507
419 0.081319668
420 0.064936091
421 0.079568221
422 0.001083424
423 0.000812568
424 0.001083424
425 0.001602564
426 0.074576910
427 0.074576910
428 0.074576910
429 0.074576910
430 0.074576910
431 0.074576910
432 0.074576910
433 0.074441482
434 0.074576910
435 0.074441482
436 0.088640389
437 0.088640389
438 0.088640389
439 0.067174482
440 0.067039054
441 0.090192114
442 0.089921258
443 0.102650518
444 0.090056686
445 0.089921258
446 0.089921258
447 0.090733826
448 0.000947996
449 0.001218852
450 0.076302580
451 0.076438008
452 0.076302580
453 0.002302275
454 0.076302580
455 0.076438008
456 0.000541712
457 0.000541712
458 0.000541712
459 0.000677140
460 0.075314943
461 0.000541712
462 0.082846399
463 0.064177763
464 0.064042335
465 0.064042335
466 0.079310586
467 0.069976395
468 0.000812568
469 0.000812568
470 0.000812568
471 0.000812568
472 0.000270856
473 0.000270856
474 0.001625135
475 0.001625135
476 0.001625135
477 0.001625135
478 0.001625135
479 0.001625135
480 0.001625135
481 0.089661366
482 0.096107736
483 0.104539416
484 0.082404040
485 0.087076304
486 0.082404040
487 0.082810323
488 0.082404040
489 0.082404040
490 0.065229196
491 0.065229196
492 0.065229196
493 0.067174482
494 0.055105810
495 0.095537541
496 0.075656288
497 0.075656288
498 0.075656288
499 0.075656288
500 0.075656288
501 0.075656288
502 0.075656288
503 0.075656288
504 0.075656288
505 0.075656288
506 0.093099838
507 0.093099838
508 0.075656288
509 0.002527988
510 0.001941134
511 0.001941134
512 0.003521127
513 0.002031419
514 0.002031419
515 0.073989410
516 0.073853982
517 0.059423274
518 0.000993138
519 0.000270856
520 0.000270856
521 0.002708559
522 0.002708559
523 0.002708559
524 0.002708559
525 0.002573131
526 0.002708559
527 0.002573131
528 0.002708559
529 0.002708559
530 0.068434500
531 0.068434500
532 0.068434500
533 0.085950747
534 0.068434500
535 0.068434500
536 0.068434500
537 0.085950747
538 0.068434500
539 0.068299072
540 0.000541712
541 0.000541712
542 0.000541712
543 0.000270856
544 0.000270856
545 0.000541712
546 0.000541712
547 0.072726061
548 0.072726061
549 0.000270856
550 0.000270856
551 0.001038281
552 0.000947996
553 0.000835139
554 0.074409237
555 0.089736603
556 0.088315362
557 0.089736603
558 0.089872031
559 0.099712699
560 0.089872031
561 0.088450790
562 0.097440627
563 0.089736603
564 0.088450790
565 0.088450790
566 0.097440627
567 0.097440627
568 0.088450790
569 0.099577271
570 0.092264592
571 0.089736603
572 0.102000034
573 0.073628269
574 0.073628269
575 0.053181013
576 0.000541712
577 0.000541712
578 0.096917402
579 0.082292043
580 0.082292043
581 0.082292043
582 0.082292043
583 0.082292043
584 0.068299072
585 0.000947996
586 0.085554958
587 0.064798152
588 0.064933580
589 0.000406284
590 0.000541712
591 0.082156615
592 0.000541712
593 0.000541712
594 0.000541712
595 0.000541712
596 0.000406284
597 0.000270856
598 0.000270856
599 0.000541712
600 0.000406284
601 0.000857710
602 0.000270856
603 0.000270856
604 0.000812568
605 0.000812568
606 0.000812568
607 0.000812568
608 0.000406284
609 0.000270856
610 0.000270856
611 0.086359073
612 0.067039054
613 0.086359073
614 0.000270856
615 0.000270856
616 0.000270856
617 0.000270856
618 0.000270856
619 0.000270856
620 0.001489707
621 0.001038281
622 0.072194707
623 0.089046673
624 0.089046673
625 0.072194707
626 0.072194707
627 0.089046673
628 0.000270856
629 0.000270856
630 0.094599219
631 0.088640389
632 0.088640389
633 0.088640389
634 0.088640389
635 0.088640389
636 0.088640389
637 0.088640389
638 0.001895991
639 0.001489707
640 0.001489707
641 0.001489707
642 0.001895991
643 0.000812568
644 0.000541712
645 0.000677140
646 0.000677140
647 0.001489707
648 0.001489707
649 0.001489707
650 0.088745615
651 0.098900132
652 0.089194892
653 0.065204436
654 0.065204436
655 0.069804081
656 0.070074937
657 0.070074937
658 0.070210365
659 0.085201917
660 0.099035560
661 0.085201917
662 0.085201917
663 0.085201917
664 0.087695296
665 0.087695296
666 0.087830724
667 0.000000000
668 0.000000000
669 0.073878703
670 0.073878703
671 0.073878703
672 0.073878703
673 0.073607848
674 0.073878703
675 0.000000000
676 0.001218852
677 0.002166847
678 0.001218852
679 0.001218852
680 0.001218852
681 0.001218852
682 0.000270856
683 0.000270856
684 0.001218852
685 0.001218852
686 0.001218852
687 0.000541712
688 0.000406284
689 0.059808204
690 0.049020562
691 0.049020562
692 0.049020562
693 0.049020562
694 0.066635243
695 0.056016222
696 0.056016222
697 0.056016222
698 0.056016222
699 0.083515086
700 0.083515086
701 0.083515086
702 0.083515086
703 0.075314943
704 0.075314943
705 0.098286084
706 0.075314943
707 0.075314943
708 0.075314943
709 0.075314943
710 0.001674792
711 0.001250451
712 0.000541712
713 0.000541712
714 0.000541712
715 0.000541712
716 0.000406284
717 0.001895991
718 0.002437703
719 0.002437703
720 0.002437703
721 0.002302275
722 0.074316411
723 0.074722695
724 0.074858123
725 0.073910127
726 0.074316411
727 0.075399835
728 0.074180983
729 0.074858123
730 0.075399835
731 0.001895991
732 0.001895991
733 0.001895991
734 0.001895991
735 0.002302275
736 0.073774699
737 0.075264407
738 0.074180983
739 0.074587267
740 0.074180983
741 0.073368416
742 0.074180983
743 0.073470954
744 0.073503844
745 0.073503844
746 0.073503844
747 0.071845819
748 0.073774699
749 0.000541712
750 0.000812568
751 0.000541712
752 0.000541712
753 0.000406284
754 0.000270856
755 0.000270856
756 0.040119629
757 0.046253318
758 0.000270856
759 0.000270856
760 0.087149715
761 0.087149715
762 0.087149715
763 0.087149715
764 0.000270856
765 0.000270856
766 0.057186798
767 0.057186798
768 0.057186798
769 0.000270856
770 0.000270856
771 0.055537710
772 0.001083424
773 0.001083424
774 0.001083424
775 0.001083424
776 0.001083424
777 0.071996255
778 0.071996255
779 0.071996255
780 0.071996255
781 0.071996255
782 0.071996255
783 0.071996255
784 0.065204436
785 0.065204436
786 0.065204436
787 0.000000000
788 0.000000000
789 0.000541712
790 0.000541712
791 0.000541712
792 0.001173709
793 0.001173709
794 0.001354280
795 0.000541712
796 0.000541712
797 0.000541712
798 0.000270856
799 0.000270856
800 0.001895991
801 0.001218852
802 0.001895991
803 0.073503844
804 0.073503844
805 0.073368416
806 0.000270856
807 0.001218852
808 0.001218852
809 0.001218852
810 0.001354280
811 0.001354280
812 0.073368416
813 0.001625135
814 0.001625135
815 0.001895991
816 0.001760563
817 0.001895991
818 0.001760563
819 0.001625135
820 0.001625135
821 0.000541712
822 0.000406284
823 0.000270856
824 0.000270856
825 0.001218852
826 0.001218852
827 0.001218852
828 0.000270856
829 0.000000000
830 0.090300672
831 0.085501363
832 0.085501363
833 0.085772219
834 0.076561076
835 0.076561076
836 0.068885066
837 0.068885066
838 0.085681933
839 0.085681933
840 0.085681933
841 0.000000000
842 0.000270856
843 0.000541712
844 0.000541712
845 0.000541712
846 0.000000000
847 0.000000000
848 0.001083424
849 0.001083424
850 0.001083424
851 0.001083424
852 0.001083424
853 0.064798152
854 0.064798152
855 0.010157096
856 0.010157096
857 0.010157096
858 0.010157096
859 0.010157096
860 0.010157096
861 0.010427952
862 0.010157096
863 0.010157096
864 0.011646804
865 0.010157096
866 0.010157096
867 0.010157096
868 0.010157096
869 0.010157096
870 0.010157096
871 0.010157096
872 0.010157096
873 0.010157096
874 0.010157096
875 0.010157096
876 0.010157096
877 0.010157096
878 0.010157096
879 0.010563380
880 0.010157096
881 0.010157096
882 0.010157096
883 0.010157096
884 0.010157096
885 0.010157096
886 0.010157096
887 0.002166847
888 0.002166847
889 0.002166847
890 0.002031419
891 0.002166847
892 0.002166847
893 0.002166847
894 0.002166847
895 0.002031419
896 0.073628269
897 0.073628269
898 0.000541712
899 0.000541712
900 0.000541712
901 0.001354280
902 0.001354280
903 0.001354280
904 0.001354280
905 0.001354280
906 0.001354280
907 0.004062839
908 0.004062839
909 0.004062839
910 0.004062839
911 0.004062839
912 0.004062839
913 0.004062839
914 0.004062839
915 0.004062839
916 0.004062839
917 0.004062839
918 0.004062839
919 0.004062839
920 0.004062839
921 0.004062839
922 0.004062839
923 0.005010834
924 0.005101120
925 0.005687974
926 0.005010834
927 0.005146262
928 0.005687974
929 0.003250271
930 0.003250271
931 0.003250271
932 0.002573131
933 0.002573131
934 0.002573131
935 0.002573131
936 0.002573131
937 0.000270856
938 0.000270856
939 0.000541712
940 0.000541712
941 0.000541712
942 0.001625135
943 0.001354280
944 0.001625135
945 0.001489707
946 0.001218852
947 0.001218852
948 0.001218852
949 0.001354280
950 0.001625135
951 0.001489707
952 0.001354280
953 0.001489707
954 0.001354280
955 0.001354280
956 0.000270856
957 0.000902853
958 0.000000000
959 0.000270856
960 0.000270856
961 0.000812568
962 0.000541712
963 0.000677140
964 0.000677140
965 0.001083424
966 0.001083424
967 0.000857710
968 0.000541712
969 0.000541712
970 0.000541712
971 0.000000000
972 0.000270856
973 0.000270856
974 0.000541712
975 0.000541712
976 0.000541712
977 0.000000000
978 0.001218852
979 0.000902853
980 0.000000000
981 0.000000000
982 0.000000000
983 0.000000000
984 0.000000000
985 0.000000000
986 0.000000000
987 0.000000000
988 0.000000000
989 0.000000000
990 0.000000000
991 0.000000000
992 0.000000000
993 0.000000000
994 0.000000000
995 0.000000000
996 0.000000000
997 0.002573131
998 0.002573131
999 0.001850849
1000 0.001986277
1001 0.002573131
1002 0.001715421
1003 0.002166847
1004 0.002166847
1005 0.001986277
1006 0.002166847
1007 0.002121705
1008 0.000947996
1009 0.001083424
1010 0.001083424
1011 0.001083424
1012 0.000947996
1013 0.000812568
1014 0.000812568
1015 0.000812568
1016 0.000812568
1017 0.000000000
1018 0.000000000
1019 0.000000000
1020 0.000000000
1021 0.000000000
1022 0.001376851
1023 0.000812568
1024 0.000812568
1025 0.000812568
1026 0.000812568
1027 0.008125677
1028 0.008125677
1029 0.008125677
1030 0.008125677
1031 0.008125677
1032 0.008125677
1033 0.008125677
1034 0.008125677
1035 0.008125677
1036 0.008125677
1037 0.008125677
1038 0.008125677
1039 0.008125677
1040 0.008125677
1041 0.008125677
1042 0.008125677
1043 0.008125677
1044 0.008125677
1045 0.008125677
1046 0.008125677
1047 0.008125677
1048 0.008125677
1049 0.008125677
1050 0.008125677
1051 0.008125677
1052 0.008125677
1053 0.008125677
1054 0.008125677
1055 0.008125677
1056 0.008125677
1057 0.008125677
1058 0.014355363
1059 0.014355363
1060 0.014355363
1061 0.014355363
1062 0.014355363
1063 0.014355363
1064 0.014355363
1065 0.014355363
1066 0.014355363
1067 0.014355363
1068 0.014355363
1069 0.014355363
1070 0.014355363
1071 0.014355363
1072 0.014355363
1073 0.014355363
1074 0.014355363
1075 0.014355363
1076 0.014355363
1077 0.014355363
1078 0.014355363
1079 0.014355363
1080 0.014355363
1081 0.014355363
1082 0.014355363
1083 0.014355363
1084 0.014355363
1085 0.014355363
1086 0.014355363
1087 0.014355363
1088 0.014355363
1089 0.014355363
1090 0.014355363
1091 0.014355363
1092 0.014355363
1093 0.014355363
1094 0.014355363
1095 0.014355363
1096 0.014355363
1097 0.014355363
1098 0.014355363
1099 0.014355363
1100 0.014355363
1101 0.014355363
1102 0.014355363
1103 0.014355363
1104 0.014355363
1105 0.014355363
1106 0.014355363
1107 0.014355363
1108 0.014355363
1109 0.014355363
1110 0.014355363
1111 0.014355363
1112 0.001760563
1113 0.001354280
1114 0.002257133
1115 0.001467136
1116 0.001467136
1117 0.000270856
1118 0.000270856
1119 0.001354280
1120 0.001489707
1121 0.001489707
1122 0.001895991
1123 0.001399422
1124 0.001399422
1125 0.001399422
1126 0.001399422
1127 0.000541712
1128 0.000541712
1129 0.000541712
1130 0.000812568
1131 0.000812568
1132 0.000812568
1133 0.000812568
1134 0.000270856
1135 0.000270856
1136 0.000541712
1137 0.000541712
1138 0.000541712
1139 0.004604550
1140 0.004333694
1141 0.004333694
1142 0.004333694
1143 0.004333694
1144 0.004333694
1145 0.004333694
1146 0.004333694
1147 0.004604550
1148 0.004333694
1149 0.004333694
1150 0.004333694
1151 0.004333694
1152 0.004333694
1153 0.004333694
1154 0.004333694
1155 0.002437703
1156 0.003114843
1157 0.003385699
1158 0.002437703
1159 0.003791983
1160 0.000270856
1161 0.000270856
1162 0.000270856
1163 0.000270856
1164 0.000270856
1165 0.000270856
1166 0.000270856
1167 0.000270856
1168 0.000270856
1169 0.000270856
1170 0.003250271
1171 0.002437703
1172 0.002437703
1173 0.003250271
1174 0.002437703
1175 0.001625135
1176 0.001218852
1177 0.001218852
1178 0.001218852
1179 0.004243409
1180 0.002437703
1181 0.002446732
1182 0.003227700
1183 0.002085590
1184 0.002685988
1185 0.002437703
1186 0.001733478
1187 0.000270856
1188 0.000270856
1189 0.073628269
1190 0.073628269
1191 0.001354280
1192 0.001489707
1193 0.001489707
1194 0.091528122
1195 0.090850982
1196 0.068226365
1197 0.068226365
1198 0.091528122
1199 0.091528122
1200 0.090850982
1201 0.001083424
1202 0.000947996
1203 0.001083424
1204 0.000947996
1205 0.000812568
1206 0.001354280
1207 0.002302275
1208 0.002437703
1209 0.002437703
1210 0.002437703
1211 0.002437703
1212 0.002437703
1213 0.002437703
1214 0.002437703
1215 0.002437703
1216 0.090817017
1217 0.092577581
1218 0.092577581
1219 0.092577581
1220 0.091765013
1221 0.002302275
1222 0.000541712
1223 0.000812568
1224 0.000541712
1225 0.002437703
1226 0.002685988
1227 0.002618274
1228 0.002437703
1229 0.002437703
1230 0.002437703
1231 0.002437703
1232 0.002437703
1233 0.002085590
1234 0.002085590
1235 0.001846334
1236 0.002063019
1237 0.001557421
1238 0.001083424
1239 0.000677140
1240 0.000677140
1241 0.000677140
1242 0.000677140
1243 0.001218852
1244 0.001354280
1245 0.001354280
1246 0.001354280
1247 0.001083424
1248 0.001218852
1249 0.001173709
1250 0.001625135
1251 0.001354280
1252 0.001625135
1253 0.001354280
1254 0.001354280
1255 0.001354280
1256 0.001444565
1257 0.000541712
1258 0.000406284
1259 0.000406284
1260 0.001895991
1261 0.001625135
1262 0.001489707
1263 0.002166847
1264 0.001489707
1265 0.002166847
1266 0.002166847
1267 0.002031419
1268 0.002166847
1269 0.002166847
1270 0.002166847
1271 0.002166847
1272 0.002166847
1273 0.064648536
1274 0.064648536
1275 0.064648536
1276 0.065325676
1277 0.064648536
1278 0.064648536
1279 0.065461104
1280 0.065461104
1281 0.065461104
1282 0.065461104
1283 0.065461104
1284 0.065461104
1285 0.065461104
1286 0.064919392
1287 0.064919392
1288 0.064648536
1289 0.064648536
1290 0.064648536
1291 0.065461104
1292 0.065461104
1293 0.064648536
1294 0.064648536
1295 0.077042168
1296 0.065461104
1297 0.064648536
1298 0.064648536
1299 0.064648536
1300 0.064648536
1301 0.064648536
1302 0.064648536
1303 0.064919392
1304 0.064648536
1305 0.064648536
1306 0.001489707
1307 0.001263994
1308 0.001128566
1309 0.001083424
1310 0.000812568
1311 0.000812568
1312 0.001489707
1313 0.001489707
1314 0.001895991
1315 0.000000000
1316 0.001895991
1317 0.001895991
1318 0.001895991
1319 0.001895991
1320 0.001895991
1321 0.001895991
1322 0.001895991
1323 0.001895991
1324 0.002166847
1325 0.002166847
1326 0.002166847
1327 0.002166847
1328 0.002166847
1329 0.002166847
1330 0.002166847
1331 0.002166847
1332 0.002166847
1333 0.099525465
1334 0.099525465
1335 0.099525465
1336 0.099525465
1337 0.099119181
1338 0.099119181
1339 0.099525465
1340 0.003250271
1341 0.003250271
1342 0.003250271
1343 0.003250271
1344 0.003250271
1345 0.003250271
1346 0.003250271
1347 0.003250271
1348 0.003250271
1349 0.003250271
1350 0.003250271
1351 0.003250271
1352 0.003250271
1353 0.000993138
1354 0.001534850
1355 0.001263994
1356 0.001444565
1357 0.001173709
1358 0.001060852
1359 0.001060852
1360 0.000857710
1361 0.000767425
1362 0.000270856
1363 0.000270856
1364 0.000000000
1365 0.002031419
1366 0.001038281
1367 0.000744854
1368 0.001263994
1369 0.001263994
1370 0.000270856
1371 0.000270856
1372 0.000270856
1373 0.000270856
1374 0.000677140
1375 0.000677140
1376 0.000677140
1377 0.001625135
1378 0.001625135
1379 0.001625135
1380 0.001625135
1381 0.001625135
1382 0.001625135
1383 0.001625135
1384 0.066558715
1385 0.066558715
1386 0.066558715
1387 0.066558715
1388 0.066558715
1389 0.066558715
1390 0.066558715
1391 0.066558715
1392 0.066558715
1393 0.066558715
1394 0.066558715
1395 0.066558715
1396 0.066558715
1397 0.066558715
1398 0.066558715
1399 0.001625135
1400 0.001489707
1401 0.001489707
1402 0.001489707
1403 0.001489707
1404 0.001625135
1405 0.001083424
1406 0.003250271
1407 0.003250271
1408 0.003250271
1409 0.003250271
1410 0.003250271
1411 0.003250271
1412 0.003250271
1413 0.003114843
1414 0.003250271
1415 0.003250271
1416 0.003250271
1417 0.003250271
1418 0.003114843
1419 0.000406284
1420 0.000541712
1421 0.000406284
1422 0.000541712
1423 0.000541712
1424 0.000541712
1425 0.073607848
1426 0.073607848
1427 0.001625135
1428 0.001625135
1429 0.001625135
1430 0.001625135
1431 0.001625135
1432 0.001625135
1433 0.001625135
1434 0.000541712
1435 0.000541712
1436 0.000541712
1437 0.070434143
1438 0.070434143
1439 0.002166847
1440 0.001625135
1441 0.002031419
1442 0.001625135
1443 0.002166847
1444 0.068983090
1445 0.068983090
1446 0.068983090
1447 0.091663980
1448 0.068983090
1449 0.000541712
1450 0.000541712
1451 0.000541712
1452 0.001895991
1453 0.001895991
1454 0.001895991
1455 0.001760563
1456 0.070569571
1457 0.070434143
1458 0.005417118
1459 0.005417118
1460 0.005417118
1461 0.005417118
1462 0.005417118
1463 0.005417118
1464 0.005417118
1465 0.005417118
1466 0.005417118
1467 0.005417118
1468 0.005417118
1469 0.005417118
1470 0.005417118
1471 0.005417118
1472 0.005417118
1473 0.005417118
1474 0.005417118
1475 0.005417118
1476 0.005417118
1477 0.005417118
1478 0.005417118
1479 0.070434143
1480 0.070298715
1481 0.000541712
1482 0.000406284
1483 0.087420570
1484 0.073042060
1485 0.087420570
1486 0.087420570
1487 0.001218852
1488 0.001218852
1489 0.001218852
1490 0.001331708
1491 0.001331708
1492 0.001895991
1493 0.001895991
1494 0.001895991
1495 0.001895991
1496 0.001895991
1497 0.001467136
1498 0.001467136
1499 0.073628269
1500 0.073628269
1501 0.001083424
1502 0.001083424
1503 0.000812568
1504 0.000812568
1505 0.001354280
1506 0.001895991
1507 0.001760563
1508 0.073222630
1509 0.072951774
1510 0.072951774
1511 0.001760563
1512 0.002166847
1513 0.002166847
1514 0.001760563
1515 0.000541712
1516 0.000541712
1517 0.000541712
1518 0.000541712
1519 0.000541712
1520 0.000541712
1521 0.072861489
1522 0.072726061
1523 0.072726061
1524 0.000270856
1525 0.000270856
1526 0.001760563
1527 0.001760563
1528 0.000812568
1529 0.001895991
1530 0.001895991
1531 0.001218852
1532 0.001354280
1533 0.001083424
1534 0.001354280
1535 0.001354280
1536 0.001354280
1537 0.001354280
1538 0.001760563
1539 0.001083424
1540 0.001083424
1541 0.001218852
1542 0.001895991
1543 0.001895991
1544 0.001895991
1545 0.001895991
1546 0.001895991
1547 0.001895991
1548 0.001895991
1549 0.001895991
1550 0.000812568
1551 0.000812568
1552 0.002166847
1553 0.002166847
1554 0.000270856
1555 0.000270856
1556 0.000270856
1557 0.000270856
1558 0.001083424
1559 0.001083424
1560 0.000947996
1561 0.001083424
1562 0.000947996
1563 0.000270856
1564 0.000270856
1565 0.073763697
1566 0.073763697
1567 0.001625135
1568 0.001895991
1569 0.001625135
1570 0.001895991
1571 0.001895991
1572 0.001895991
1573 0.001625135
1574 0.001625135
1575 0.000270856
1576 0.000270856
1577 0.000270856
1578 0.000270856
1579 0.000270856
1580 0.000270856
1581 0.000270856
1582 0.000270856
1583 0.000270856
1584 0.000270856
1585 0.000270856
1586 0.000270856
1587 0.000812568
1588 0.000812568
1589 0.001083424
1590 0.000541712
1591 0.000541712
1592 0.000541712
1593 0.006410256
1594 0.006410256
1595 0.006410256
1596 0.000812568
1597 0.000812568
1598 0.000812568
1599 0.000812568
1600 0.000000000
1601 0.000270856
1602 0.000270856
1603 0.000000000
1604 0.078939195
1605 0.070063720
1606 0.079345478
1607 0.070063720
1608 0.000270856
1609 0.000270856
1610 0.000406284
1611 0.058577709
1612 0.058577709
1613 0.000270856
1614 0.000270856
1615 0.069928292
1616 0.083244230
1617 0.083244230
1618 0.000270856
1619 0.000270856
1620 0.000270856
1621 0.000270856
1622 0.072726061
1623 0.072726061
1624 0.002166847
1625 0.002166847
1626 0.002166847
1627 0.002166847
1628 0.002166847
1629 0.002166847
1630 0.002166847
1631 0.002166847
1632 0.002166847
1633 0.000270856
1634 0.000270856
1635 0.002708559
1636 0.002708559
1637 0.000812568
1638 0.000812568
1639 0.000812568
1640 0.000812568
1641 0.001354280
1642 0.002166847
1643 0.001354280
1644 0.000270856
1645 0.000270856
1646 0.000270856
1647 0.000270856
1648 0.000677140
1649 0.000677140
1650 0.000677140
1651 0.000677140
1652 0.000541712
1653 0.000541712
1654 0.000541712
1655 0.000812568
1656 0.000947996
1657 0.000947996
1658 0.000812568
1659 0.001895991
1660 0.001895991
1661 0.001895991
1662 0.001895991
1663 0.001895991
1664 0.001895991
1665 0.001895991
1666 0.001895991
1667 0.000406284
1668 0.002031419
1669 0.003385699
1670 0.001941134
1671 0.002031419
1672 0.001850849
1673 0.002031419
1674 0.001850849
1675 0.002031419
1676 0.001850849
1677 0.001850849
1678 0.001850849
1679 0.001850849
1680 0.001850849
1681 0.001850849
1682 0.000270856
1683 0.000270856
1684 0.008938245
1685 0.008938245
1686 0.008938245
1687 0.008938245
1688 0.008938245
1689 0.008938245
1690 0.008938245
1691 0.008938245
1692 0.008938245
1693 0.008938245
1694 0.008938245
1695 0.008938245
1696 0.008938245
1697 0.008938245
1698 0.008938245
1699 0.008938245
1700 0.008938245
1701 0.008938245
1702 0.008938245
1703 0.008938245
1704 0.008938245
1705 0.008938245
1706 0.008938245
1707 0.008938245
1708 0.008938245
1709 0.008938245
1710 0.008938245
1711 0.008938245
1712 0.008938245
1713 0.008938245
1714 0.008938245
1715 0.008938245
1716 0.008938245
1717 0.008938245
1718 0.001354280
1719 0.001354280
1720 0.001354280
1721 0.001354280
1722 0.001354280
1723 0.001354280
1724 0.003521127
1725 0.003521127
1726 0.003521127
1727 0.003521127
1728 0.003521127
1729 0.003521127
1730 0.003521127
1731 0.003521127
1732 0.003521127
1733 0.003521127
1734 0.003521127
1735 0.003521127
1736 0.003521127
1737 0.003521127
1738 0.000270856
1739 0.000270856
1740 0.001354280
1741 0.001083424
1742 0.001218852
1743 0.001218852
1744 0.001083424
1745 0.001083424
1746 0.054670721
1747 0.084192226
1748 0.084192226
1749 0.084192226
1750 0.084192226
1751 0.084192226
1752 0.084192226
1753 0.084056798
1754 0.084192226
1755 0.053898781
1756 0.051912505
1757 0.062700201
1758 0.062018547
1759 0.071031599
1760 0.071031599
1761 0.071031599
1762 0.071031599
1763 0.071031599
1764 0.071031599
1765 0.071031599
1766 0.063422483
1767 0.063422483
1768 0.052594159
1769 0.052093075
1770 0.051438507
1771 0.053361584
1772 0.000541712
1773 0.000541712
1774 0.000541712
1775 0.083379658
1776 0.083379658
1777 0.083379658
1778 0.052815358
1779 0.052634787
1780 0.084056798
1781 0.001895991
1782 0.002031419
1783 0.002031419
1784 0.002437703
1785 0.002437703
1786 0.002437703
1787 0.001895991
1788 0.001895991
1789 0.001895991
1790 0.001895991
1791 0.001895991
1792 0.001895991
1793 0.001083424
1794 0.001083424
1795 0.001083424
1796 0.001083424
1797 0.001083424
1798 0.047553355
1799 0.052413588
1800 0.046266789
1801 0.046515074
1802 0.046515074
1803 0.052323303
1804 0.052955300
1805 0.045950791
1806 0.046289361
1807 0.000270856
1808 0.001895991
1809 0.001895991
1810 0.001760563
1811 0.052183360
1812 0.000270856
1813 0.035809648
1814 0.040379162
1815 0.035809648
1816 0.000000000
1817 0.001760563
1818 0.000000000
1819 0.000812568
1820 0.000677140
1821 0.000812568
1822 0.000677140
1823 0.000270856
1824 0.000270856
1825 0.083244230
1826 0.083244230
1827 0.054846599
1828 0.045924464
1829 0.045789036
1830 0.045789036
1831 0.005733117
1832 0.005733117
1833 0.045789036
1834 0.045789036
1835 0.072726061
1836 0.072726061
1837 0.000270856
1838 0.000270856
1839 0.003114843
1840 0.002708559
1841 0.089059464
1842 0.107045263
1843 0.089059464
1844 0.089059464
1845 0.089059464
1846 0.107045263
1847 0.076358579
1848 0.076358579
1849 0.076358579
1850 0.076358579
1851 0.076223151
1852 0.076358579
1853 0.076358579
1854 0.076358579
1855 0.076358579
1856 0.076358579
1857 0.076358579
1858 0.076223151
1859 0.076223151
1860 0.068705356
1861 0.000270856
1862 0.000270856
1863 0.000541712
1864 0.000541712
1865 0.000541712
1866 0.001625135
1867 0.001625135
1868 0.001218852
1869 0.001218852
1870 0.001354280
1871 0.001218852
1872 0.001218852
1873 0.054169460
1874 0.054169460
1875 0.054169460
1876 0.054169460
1877 0.054169460
1878 0.003250271
1879 0.003791983
1880 0.003656555
1881 0.003250271
1882 0.003250271
1883 0.003791983
1884 0.003250271
1885 0.003791983
1886 0.003791983
1887 0.003791983
1888 0.003656555
1889 0.003250271
1890 0.003250271
1891 0.003250271
1892 0.003250271
1893 0.004875406
1894 0.004875406
1895 0.004875406
1896 0.004875406
1897 0.004875406
1898 0.004875406
1899 0.004875406
1900 0.004875406
1901 0.004469122
1902 0.004875406
1903 0.004875406
1904 0.004875406
1905 0.004875406
1906 0.004875406
1907 0.004875406
1908 0.004875406
1909 0.004469122
1910 0.003114843
1911 0.003114843
1912 0.003114843
1913 0.003114843
1914 0.003114843
1915 0.002708559
1916 0.004469122
1917 0.002708559
1918 0.002708559
1919 0.002708559
1920 0.002708559
1921 0.002708559
1922 0.002708559
1923 0.002708559
1924 0.052183360
1925 0.052183360
1926 0.000270856
1927 0.000270856
1928 0.090817017
1929 0.090498439
1930 0.090498439
1931 0.090498439
1932 0.090363011
1933 0.090498439
1934 0.052995928
1935 0.090363011
1936 0.077925889
1937 0.078332173
1938 0.078332173
1939 0.078196745
1940 0.078196745
1941 0.078196745
1942 0.000270856
1943 0.000270856
1944 0.000270856
1945 0.000270856
1946 0.000541712
1947 0.000541712
1948 0.000541712
1949 0.000541712
1950 0.000406284
1951 0.001760563
1952 0.002166847
1953 0.001895991
1954 0.002166847
1955 0.001760563
1956 0.001895991
1957 0.001760563
1958 0.001760563
1959 0.001895991
1960 0.001083424
1961 0.001083424
1962 0.000947996
1963 0.001083424
1964 0.000270856
1965 0.000270856
1966 0.000541712
1967 0.000541712
1968 0.000541712
1969 0.001083424
1970 0.001083424
1971 0.000541712
1972 0.000541712
1973 0.000541712
1974 0.000677140
1975 0.000812568
1976 0.000812568
1977 0.000677140
1978 0.001354280
1979 0.001354280
1980 0.001354280
1981 0.001354280
1982 0.001354280
1983 0.001354280
1984 0.055221711
1985 0.055357139
1986 0.055357139
1987 0.055357139
1988 0.055357139
1989 0.055357139
1990 0.066454672
1991 0.055357139
1992 0.055357139
1993 0.055357139
1994 0.055357139
1995 0.055357139
1996 0.055357139
1997 0.055357139
1998 0.055357139
1999 0.071760477
2000 0.072031333
2001 0.072031333
2002 0.002573131
2003 0.002121705
2004 0.002121705
2005 0.001986277
2006 0.002121705
2007 0.002121705
2008 0.000541712
2009 0.000406284
2010 0.000000000
2011 0.000000000
2012 0.001760563
2013 0.001760563
2014 0.001489707
2015 0.001489707
2016 0.063627130
2017 0.063762558
2018 0.063762558
2019 0.063762558
2020 0.064033414
2021 0.064033414
2022 0.064033414
2023 0.064033414
2024 0.062949990
2025 0.062949990
2026 0.088549137
2027 0.088549137
2028 0.088549137
2029 0.088549137
2030 0.088549137
2031 0.091122268
2032 0.088549137
2033 0.091122268
2034 0.091122268
2035 0.088549137
2036 0.091122268
2037 0.089226276
2038 0.090038844
2039 0.089226276
2040 0.089226276
2041 0.090038844
2042 0.089090849
2043 0.089226276
2044 0.089226276
2045 0.089226276
2046 0.089226276
2047 0.089226276
2048 0.089226276
2049 0.050030698
2050 0.049624414
2051 0.061528301
2052 0.049353558
2053 0.049624414
2054 0.049624414
2055 0.049353558
2056 0.049353558
2057 0.049353558
2058 0.049353558
2059 0.050030698
2060 0.061663729
2061 0.078930201
2062 0.058955170
2063 0.060444877
2064 0.068773105
2065 0.059090598
2066 0.049353558
2067 0.049488986
2068 0.060580305
2069 0.049624414
2070 0.049353558
2071 0.049353558
2072 0.002144276
2073 0.002685988
2074 0.002685988
2075 0.002685988
2076 0.002685988
2077 0.002685988
2078 0.052671865
2079 0.052671865
2080 0.052671865
2081 0.052671865
2082 0.052671865
2083 0.052671865
2084 0.052671865
2085 0.052401010
2086 0.052671865
2087 0.052671865
2088 0.052671865
2089 0.052401010
2090 0.058906803
2091 0.052671865
2092 0.052671865
2093 0.052671865
2094 0.052671865
2095 0.052671865
2096 0.052671865
2097 0.052671865
2098 0.052671865
2099 0.052671865
2100 0.052671865
2101 0.052671865
2102 0.052671865
2103 0.052671865
2104 0.052671865
2105 0.052671865
2106 0.052671865
2107 0.052401010
2108 0.052671865
2109 0.052671865
2110 0.052671865
2111 0.052671865
2112 0.052671865
2113 0.052671865
2114 0.052671865
2115 0.052671865
2116 0.052671865
2117 0.052671865
2118 0.052671865
2119 0.052671865
2120 0.052671865
2121 0.052671865
2122 0.052671865
2123 0.052671865
2124 0.052671865
2125 0.052671865
2126 0.052401010
2127 0.052671865
2128 0.052130154
2129 0.052130154
2130 0.052130154
2131 0.052130154
2132 0.065477119
2133 0.084147083
2134 0.065477119
2135 0.084147083
2136 0.065477119
2137 0.065477119
2138 0.083605372
2139 0.000541712
2140 0.000541712
2141 0.000541712
2142 0.001083424
2143 0.001083424
2144 0.001083424
2145 0.001354280
2146 0.000947996
2147 0.000947996
2148 0.052667696
2149 0.001083424
2150 0.001083424
2151 0.000812568
2152 0.000812568
2153 0.000812568
2154 0.076808497
2155 0.066922256
2156 0.066922256
2157 0.066922256
2158 0.066922256
2159 0.000541712
2160 0.067418825
2161 0.067147970
2162 0.066922256
2163 0.066922256
2164 0.000270856
2165 0.000270856
2166 0.000270856
2167 0.000270856
2168 0.002166847
2169 0.002166847
2170 0.002166847
2171 0.002166847
2172 0.002166847
2173 0.002031419
2174 0.002031419
2175 0.066922256
2176 0.066922256
2177 0.000541712
2178 0.000812568
2179 0.002708559
2180 0.002843987
2181 0.004875406
2182 0.002708559
2183 0.000541712
2184 0.000541712
2185 0.066922256
2186 0.066922256
2187 0.069397797
2188 0.069397797
2189 0.000270856
2190 0.000270856
2191 0.066922256
2192 0.066922256
2193 0.002573131
2194 0.002573131
2195 0.066922256
2196 0.066922256
2197 0.066922256
2198 0.066922256
2199 0.066922256
2200 0.066922256
2201 0.066922256
2202 0.066922256
2203 0.066922256
2204 0.066922256
2205 0.066922256
2206 0.066922256
2207 0.066922256
2208 0.001760563
2209 0.066922256
2210 0.066922256
2211 0.066922256
2212 0.066922256
2213 0.066922256
2214 0.066922256
2215 0.001895991
2216 0.001895991
2217 0.066922256
2218 0.066922256
2219 0.066922256
2220 0.066922256
2221 0.066922256
2222 0.066922256
2223 0.073449565
2224 0.073449565
2225 0.073449565
2226 0.073449565
2227 0.066922256
2228 0.066922256
2229 0.066922256
2230 0.066922256
2231 0.073628269
2232 0.073628269
2233 0.066922256
2234 0.066922256
2235 0.057375177
2236 0.057375177
2237 0.066922256
2238 0.066922256
2239 0.072429660
2240 0.065929118
2241 0.001354280
2242 0.000812568
2243 0.001083424
2244 0.001083424
2245 0.000812568
2246 0.000812568
2247 0.000812568
2248 0.000812568
2249 0.000812568
2250 0.000812568
2251 0.065929118
2252 0.065929118
2253 0.065929118
2254 0.000406284
2255 0.065929118
2256 0.065929118
2257 0.091392694
2258 0.067910366
2259 0.091392694
2260 0.077487057
2261 0.091392694
2262 0.000270856
2263 0.000270856
2264 0.000812568
2265 0.000812568
2266 0.000677140
2267 0.001625135
2268 0.001625135
2269 0.001625135
2270 0.001625135
2271 0.001625135
2272 0.001625135
2273 0.001625135
2274 0.065929118
2275 0.065929118
2276 0.065929118
2277 0.054892331
2278 0.054892331
2279 0.054892331
2280 0.054892331
2281 0.054892331
2282 0.054892331
2283 0.068727962
2284 0.054892331
2285 0.054892331
2286 0.054892331
2287 0.054892331
2288 0.065929118
2289 0.065929118
2290 0.065929118
2291 0.065929118
2292 0.065929118
2293 0.000270856
2294 0.000270856
2295 0.002708559
2296 0.065929118
2297 0.002708559
2298 0.065929118
2299 0.065929118
2300 0.002708559
2301 0.002708559
2302 0.065929118
2303 0.065929118
2304 0.066922256
2305 0.065929118
2306 0.065929118
2307 0.002437703
2308 0.065929118
2309 0.065929118
2310 0.002437703
2311 0.065929118
2312 0.065929118
2313 0.002437703
2314 0.002437703
2315 0.065929118
2316 0.065929118
2317 0.002437703
2318 0.002437703
2319 0.002437703
2320 0.065929118
2321 0.001354280
2322 0.001354280
2323 0.001354280
2324 0.001354280
2325 0.001354280
2326 0.065929118
2327 0.000812568
2328 0.000812568
2329 0.065929118
2330 0.065929118
2331 0.000947996
2332 0.000947996
2333 0.001083424
2334 0.000947996
2335 0.005507403
2336 0.005507403
2337 0.005236547
2338 0.005507403
2339 0.005507403
2340 0.005507403
2341 0.005507403
2342 0.005507403
2343 0.005507403
2344 0.007448537
2345 0.005507403
2346 0.005507403
2347 0.005371975
2348 0.005371975
2349 0.000947996
2350 0.000541712
2351 0.000406284
2352 0.000406284
2353 0.000677140
2354 0.000270856
2355 0.000270856
2356 0.000270856
2357 0.000270856
2358 0.083402230
2359 0.080679551
2360 0.080679551
2361 0.080679551
2362 0.080679551
2363 0.000270856
2364 0.000270856
2365 0.001625135
2366 0.000947996
2367 0.000947996
2368 0.000947996
2369 0.000947996
2370 0.001625135
2371 0.001625135
2372 0.001625135
2373 0.001625135
2374 0.001625135
2375 0.001625135
2376 0.001625135
2377 0.000947996
2378 0.000947996
2379 0.000541712
2380 0.000406284
2381 0.000406284
2382 0.065929118
2383 0.065929118
2384 0.065929118
2385 0.065929118
2386 0.065929118
2387 0.065929118
2388 0.065929118
2389 0.065929118
2390 0.065929118
2391 0.061247702
2392 0.061247702
2393 0.061247702
2394 0.000541712
2395 0.000541712
2396 0.000541712
2397 0.001625135
2398 0.001173709
2399 0.000270856
2400 0.000270856
2401 0.001173709
2402 0.001083424
2403 0.001083424
2404 0.001083424
2405 0.001083424
2406 0.001083424
2407 0.000270856
2408 0.000270856
2409 0.000270856
2410 0.000270856
2411 0.000947996
2412 0.000000000
2413 0.001083424
2414 0.000541712
2415 0.000541712
2416 0.000541712
2417 0.001083424
2418 0.001083424
2419 0.000812568
2420 0.000812568
2421 0.000812568
2422 0.000812568
2423 0.000000000
2424 0.000947996
2425 0.001083424
2426 0.000812568
2427 0.000947996
2428 0.001083424
2429 0.001083424
2430 0.000812568
2431 0.000812568
2432 0.000812568
2433 0.002437703
2434 0.002843987
2435 0.003114843
2436 0.002302275
2437 0.002573131
2438 0.001895991
2439 0.002979415
2440 0.002302275
2441 0.002031419
2442 0.002302275
2443 0.002302275
2444 0.002573131
2445 0.002302275
2446 0.072047309
2447 0.074214156
2448 0.074214156
2449 0.071776453
2450 0.071911881
2451 0.072047309
2452 0.071776453
2453 0.071911881
2454 0.071776453
2455 0.001354280
2456 0.001625135
2457 0.001625135
2458 0.001625135
2459 0.001625135
2460 0.000406284
2461 0.000541712
2462 0.000406284
2463 0.001354280
2464 0.001354280
2465 0.000947996
2466 0.002708559
2467 0.001083424
2468 0.001083424
2469 0.001083424
2470 0.001083424
2471 0.001083424
2472 0.003385699
2473 0.002302275
2474 0.003385699
2475 0.003385699
2476 0.003385699
2477 0.002302275
2478 0.002302275
2479 0.002302275
2480 0.002302275
2481 0.002302275
2482 0.002302275
2483 0.002302275
2484 0.002302275
2485 0.002302275
2486 0.000541712
2487 0.000406284
2488 0.000406284
2489 0.002979415
2490 0.002979415
2491 0.003656555
2492 0.003385699
2493 0.003656555
2494 0.003385699
2495 0.003385699
2496 0.083244230
2497 0.083244230
2498 0.002979415
2499 0.002979415
2500 0.002979415
2501 0.002979415
2502 0.002979415
2503 0.002979415
2504 0.002437703
2505 0.002573131
2506 0.002437703
2507 0.002573131
2508 0.002573131
2509 0.002573131
2510 0.003385699
2511 0.002979415
2512 0.002979415
2513 0.002979415
2514 0.002979415
2515 0.000270856
2516 0.000270856
2517 0.002979415
2518 0.002979415
2519 0.000541712
2520 0.000541712
2521 0.002437703
2522 0.001760563
2523 0.001760563
2524 0.002437703
2525 0.001760563
2526 0.002031419
2527 0.002031419
2528 0.002437703
2529 0.002437703
2530 0.000000000
2531 0.000541712
2532 0.000541712
2533 0.000541712
2534 0.000541712
2535 0.002437703
2536 0.002302275
2537 0.000947996
2538 0.000812568
2539 0.001625135
2540 0.002211990
2541 0.002347418
2542 0.000812568
2543 0.000812568
2544 0.000947996
2545 0.053684793
2546 0.064513108
2547 0.064513108
2548 0.003521127
2549 0.000270856
2550 0.000270856
2551 0.001354280
2552 0.000947996
2553 0.001354280
2554 0.000947996
2555 0.000947996
2556 0.000947996
2557 0.066064546
2558 0.066064546
2559 0.065929118
2560 0.063906907
2561 0.063771479
2562 0.065929118
2563 0.000000000
2564 0.066064546
2565 0.066064546
2566 0.002798844
2567 0.000541712
2568 0.000541712
2569 0.000541712
2570 0.065929118
2571 0.065929118
2572 0.075223310
2573 0.074952454
2574 0.001715421
2575 0.001060852
2576 0.001444565
2577 0.001263994
2578 0.064377680
2579 0.053549365
2580 0.053684793
2581 0.053684793
2582 0.053549365
2583 0.053549365
2584 0.075350354
2585 0.075350354
2586 0.075350354
2587 0.074952454
2588 0.074952454
2589 0.065929118
2590 0.000270856
2591 0.000270856
2592 0.068142470
2593 0.068142470
2594 0.065595027
2595 0.065595027
2596 0.002979415
2597 0.002979415
2598 0.002979415
2599 0.002979415
2600 0.002979415
2601 0.002979415
2602 0.002979415
2603 0.002979415
2604 0.002979415
2605 0.002979415
2606 0.002979415
2607 0.002979415
2608 0.002347418
2609 0.000812568
2610 0.000812568
2611 0.000812568
2612 0.000812568
2613 0.001941134
2614 0.001625135
2615 0.001760563
2616 0.001625135
2617 0.001625135
2618 0.001625135
2619 0.001060852
2620 0.001489707
2621 0.001399422
2622 0.065319119
2623 0.083876227
2624 0.083605372
2625 0.000947996
2626 0.000993138
2627 0.083853656
2628 0.083853656
2629 0.083605372
2630 0.083469944
2631 0.065183692
2632 0.000270856
2633 0.000270856
2634 0.081184240
2635 0.065477119
2636 0.000270856
2637 0.000270856
2638 0.068277898
2639 0.068277898
2640 0.068548754
2641 0.002302275
2642 0.001557421
2643 0.001557421
2644 0.003385699
2645 0.002482846
2646 0.002324847
2647 0.002347418
2648 0.000812568
2649 0.000541712
2650 0.000270856
2651 0.000270856
2652 0.000812568
2653 0.000541712
2654 0.000541712
2655 0.000541712
2656 0.000270856
2657 0.000270856
2658 0.000677140
2659 0.000677140
2660 0.000812568
2661 0.000541712
2662 0.000270856
2663 0.000270856
2664 0.001625135
2665 0.001625135
2666 0.001625135
2667 0.001625135
2668 0.001625135
2669 0.001625135
2670 0.001625135
2671 0.000812568
2672 0.000812568
2673 0.000812568
2674 0.000812568
2675 0.000812568
2676 0.000677140
2677 0.000812568
2678 0.000677140
2679 0.000947996
2680 0.001083424
2681 0.000947996
2682 0.001760563
2683 0.002618274
2684 0.000947996
2685 0.000947996
2686 0.002482846
2687 0.083244230
2688 0.083244230
2689 0.002257133
2690 0.002121705
2691 0.001512279
2692 0.000541712
2693 0.000541712
2694 0.000541712
2695 0.000270856
2696 0.000270856
2697 0.000541712
2698 0.000406284
2699 0.002527988
2700 0.002121705
2701 0.002121705
2702 0.002121705
2703 0.001602564
2704 0.000541712
2705 0.000541712
2706 0.000541712
2707 0.000767425
2708 0.000270856
2709 0.000270856
2710 0.072585210
2711 0.058345117
2712 0.058345117
2713 0.000270856
2714 0.000270856
2715 0.074350552
2716 0.074621408
2717 0.074892263
2718 0.000406284
2719 0.074079696
2720 0.074079696
2721 0.000541712
2722 0.000406284
2723 0.002843987
2724 0.002979415
2725 0.002979415
2726 0.003024558
2727 0.003250271
2728 0.002979415
2729 0.002573131
2730 0.004604550
2731 0.004604550
2732 0.002573131
2733 0.002573131
2734 0.002573131
2735 0.002573131
2736 0.002573131
2737 0.002573131
2738 0.002573131
2739 0.002573131
2740 0.002573131
2741 0.002573131
2742 0.002573131
2743 0.002573131
2744 0.002573131
2745 0.002573131
2746 0.002573131
2747 0.003791983
2748 0.002302275
2749 0.002708559
2750 0.002302275
2751 0.002302275
2752 0.000541712
2753 0.000541712
2754 0.000541712
2755 0.002415132
2756 0.002685988
2757 0.003791983
2758 0.002415132
2759 0.001489707
2760 0.001489707
2761 0.002573131
2762 0.002843987
2763 0.002257133
2764 0.002302275
2765 0.003430841
2766 0.002234561
2767 0.002279704
2768 0.001679307
2769 0.001679307
2770 0.002415132
2771 0.002279704
2772 0.002279704
2773 0.002302275
2774 0.003024558
2775 0.003024558
2776 0.000541712
2777 0.000541712
2778 0.002166847
2779 0.002415132
2780 0.002415132
2781 0.002527988
2782 0.002753702
2783 0.002144276
2784 0.003069700
2785 0.002144276
2786 0.002979415
2787 0.002166847
2788 0.002279704
2789 0.002279704
2790 0.001489707
2791 0.001218852
2792 0.001218852
2793 0.002347418
2794 0.002573131
2795 0.002302275
2796 0.002257133
2797 0.002257133
2798 0.000812568
2799 0.000812568
2800 0.000677140
2801 0.000677140
2802 0.001038281
2803 0.001038281
2804 0.001620621
2805 0.000406284
2806 0.001083424
2807 0.000947996
2808 0.000947996
2809 0.000947996
2810 0.000947996
2811 0.002437703
2812 0.002302275
2813 0.002302275
2814 0.001083424
2815 0.001083424
2816 0.001083424
2817 0.000947996
2818 0.000947996
2819 0.000541712
2820 0.000541712
2821 0.000541712
2822 0.000270856
2823 0.000270856
2824 0.001218852
2825 0.001354280
2826 0.001083424
2827 0.001083424
2828 0.000947996
2829 0.073042060
2830 0.001760563
2831 0.071304107
2832 0.071304107
2833 0.071304107
2834 0.071304107
2835 0.071304107
2836 0.071304107
2837 0.071304107
2838 0.071304107
2839 0.071304107
2840 0.074079696
2841 0.074079696
2842 0.002031419
2843 0.002031419
2844 0.002031419
2845 0.005146262
2846 0.005146262
2847 0.005146262
2848 0.005146262
2849 0.005146262
2850 0.005687974
2851 0.005687974
2852 0.005010834
2853 0.005010834
2854 0.072178926
2855 0.072314354
2856 0.079889291
2857 0.098162157
2858 0.079889291
2859 0.000270856
2860 0.000270856
2861 0.000270856
2862 0.000270856
2863 0.060571295
2864 0.060571295
2865 0.060571295
2866 0.060571295
2867 0.060571295
2868 0.060571295
2869 0.060571295
2870 0.060571295
2871 0.060571295
2872 0.060571295
2873 0.060571295
2874 0.060571295
2875 0.060571295
2876 0.060571295
2877 0.001083424
2878 0.000947996
2879 0.000947996
2880 0.000541712
2881 0.000541712
2882 0.000541712
2883 0.000947996
2884 0.000947996
2885 0.001083424
2886 0.089819795
2887 0.089819795
2888 0.089819795
2889 0.071830683
2890 0.089819795
2891 0.089819795
2892 0.089819795
2893 0.089819795
2894 0.098171185
2895 0.071304107
2896 0.071304107
2897 0.071304107
2898 0.071304107
2899 0.071304107
2900 0.071304107
2901 0.071304107
2902 0.071304107
2903 0.071304107
2904 0.089684367
2905 0.089684367
2906 0.089684367
2907 0.067792995
2908 0.067792995
2909 0.089955223
2910 0.097764901
2911 0.089955223
2912 0.073094677
2913 0.098171185
2914 0.098171185
2915 0.098171185
2916 0.089955223
2917 0.091663550
2918 0.079753863
2919 0.089684367
2920 0.089684367
2921 0.089684367
2922 0.089684367
2923 0.089684367
2924 0.089684367
2925 0.098712897
2926 0.082996161
2927 0.082996161
2928 0.098983753
2929 0.082996161
2930 0.082996161
2931 0.082996161
2932 0.098983753
2933 0.094708744
2934 0.094708744
2935 0.094708744
2936 0.094573316
2937 0.094573316
2938 0.087930252
2939 0.093760748
2940 0.098983753
2941 0.086305117
2942 0.085492549
2943 0.091257266
2944 0.086846829
2945 0.092002120
2946 0.086034261
2947 0.091257266
2948 0.091257266
2949 0.068623620
2950 0.055729316
2951 0.055729316
2952 0.086846829
2953 0.085898833
2954 0.090850982
2955 0.090850982
2956 0.001083424
2957 0.001083424
2958 0.086305117
2959 0.086305117
2960 0.090580126
2961 0.090580126
2962 0.090173842
2963 0.002008848
2964 0.002008848
2965 0.001895991
2966 0.001895991
2967 0.001895991
2968 0.001895991
2969 0.001895991
2970 0.001895991
2971 0.001895991
2972 0.001895991
2973 0.002573131
2974 0.002573131
2975 0.002573131
2976 0.002573131
2977 0.002573131
2978 0.000541712
2979 0.000541712
2980 0.000541712
2981 0.001083424
2982 0.001083424
2983 0.001083424
2984 0.001083424
2985 0.001083424
2986 0.001083424
2987 0.077351629
2988 0.077351629
2989 0.077351629
2990 0.077351629
2991 0.077351629
2992 0.077351629
2993 0.077351629
2994 0.077351629
2995 0.001083424
2996 0.078918079
2997 0.078647223
2998 0.001083424
2999 0.078918079
3000 0.078918079
3001 0.078918079
3002 0.078918079
3003 0.001083424
3004 0.078782651
3005 0.075997350
3006 0.075997350
3007 0.000406284
3008 0.000812568
3009 0.000812568
3010 0.001354280
3011 0.001354280
3012 0.001354280
3013 0.001354280
3014 0.001354280
3015 0.001354280
3016 0.000541712
3017 0.000541712
3018 0.000541712
3019 0.001083424
3020 0.000000000
3021 0.001444565
3022 0.001173709
3023 0.001173709
3024 0.001173709
3025 0.000000000
3026 0.000000000
3027 0.000270856
3028 0.000270856
3029 0.000000000
3030 0.000000000
3031 0.000000000
3032 0.000270856
3033 0.000270856
3034 0.000000000
3035 0.001489707
3036 0.001354280
3037 0.001354280
3038 0.001670278
3039 0.000970567
3040 0.000970567
3041 0.001038281
3042 0.000947996
3043 0.000812568
3044 0.000631997
3045 0.000812568
3046 0.000767425
3047 0.001038281
3048 0.001038281
3049 0.000000000
3050 0.069668653
3051 0.069668653
3052 0.069668653
3053 0.069668653
3054 0.000270856
3055 0.000270856
3056 0.069668653
3057 0.069668653
3058 0.073385613
3059 0.073385613
3060 0.073385613
3061 0.000993138
3062 0.000541712
3063 0.000541712
3064 0.000541712
3065 0.000000000
3066 0.000000000
3067 0.000541712
3068 0.000406284
3069 0.064933580
3070 0.065339864
3071 0.000541712
3072 0.000541712
3073 0.000541712
3074 0.000270856
3075 0.000270856
3076 0.000406284
3077 0.001354280
3078 0.000270856
3079 0.000541712
3080 0.000812568
3081 0.000947996
3082 0.001083424
3083 0.000677140
3084 0.000812568
3085 0.000812568
3086 0.000812568
3087 0.000812568
3088 0.000541712
3089 0.000812568
3090 0.000541712
3091 0.001489707
3092 0.074551759
3093 0.063762558
3094 0.063762558
3095 0.063220846
3096 0.063627130
3097 0.063356274
3098 0.063627130
3099 0.000812568
3100 0.000541712
3101 0.063220846
3102 0.063356274
3103 0.000270856
3104 0.000270856
3105 0.063085418
3106 0.063085418
3107 0.004469122
3108 0.004469122
3109 0.004469122
3110 0.004469122
3111 0.004469122
3112 0.004469122
3113 0.004469122
3114 0.004469122
3115 0.004469122
3116 0.004469122
3117 0.004469122
3118 0.004469122
3119 0.004469122
3120 0.004469122
3121 0.004469122
3122 0.067689681
3123 0.067689681
3124 0.067689681
3125 0.066199974
3126 0.075485782
3127 0.075485782
3128 0.075485782
3129 0.066199974
3130 0.066199974
3131 0.066199974
3132 0.066199974
3133 0.066199974
3134 0.066199974
3135 0.066199974
3136 0.066199974
3137 0.066199974
3138 0.066199974
3139 0.001760563
3140 0.000270856
3141 0.000270856
3142 0.066922256
3143 0.083605372
3144 0.066199974
3145 0.059841704
3146 0.059841704
3147 0.059841704
3148 0.059841704
3149 0.059841704
3150 0.055932458
3151 0.055932458
3152 0.047533703
3153 0.068668763
3154 0.000270856
3155 0.000270856
3156 0.049488986
3157 0.049353558
3158 0.049353558
3159 0.049353558
3160 0.049353558
3161 0.063220846
3162 0.066922256
3163 0.001895991
3164 0.001760563
3165 0.001489707
3166 0.001760563
3167 0.068413326
3168 0.068413326
3169 0.068413326
3170 0.068413326
3171 0.066922256
3172 0.000541712
3173 0.000541712
3174 0.000541712
3175 0.001354280
3176 0.001218852
3177 0.001489707
3178 0.001625135
3179 0.001489707
3180 0.001354280
3181 0.001083424
3182 0.001489707
3183 0.000541712
3184 0.000541712
3185 0.000541712
3186 0.006951968
3187 0.006951968
3188 0.006951968
3189 0.006951968
3190 0.006951968
3191 0.006951968
3192 0.006951968
3193 0.006951968
3194 0.000947996
3195 0.000947996
3196 0.000947996
3197 0.066922256
3198 0.063627130
3199 0.001354280
3200 0.001354280
3201 0.001354280
3202 0.001354280
3203 0.001354280
3204 0.001354280
3205 0.000270856
3206 0.000270856
3207 0.001625135
3208 0.001625135
3209 0.001625135
3210 0.001625135
3211 0.001625135
3212 0.001895991
3213 0.000406284
3214 0.084914508
3215 0.084914508
3216 0.084914508
3217 0.084914508
3218 0.084914508
3219 0.084914508
3220 0.088549137
3221 0.089090849
3222 0.000270856
3223 0.000270856
3224 0.070481221
3225 0.070481221
3226 0.070481221
3227 0.070481221
3228 0.070481221
3229 0.070481221
3230 0.070481221
3231 0.073314137
3232 0.073178709
3233 0.073178709
3234 0.087980124
3235 0.087766684
3236 0.001218852
3237 0.066199974
3238 0.066199974
3239 0.066199974
3240 0.066199974
3241 0.066199974
3242 0.064798152
3243 0.003927411
3244 0.004604550
3245 0.005146262
3246 0.004604550
3247 0.005146262
3248 0.005146262
3249 0.004604550
3250 0.004604550
3251 0.004604550
3252 0.004604550
3253 0.003927411
3254 0.000541712
3255 0.001083424
3256 0.000947996
3257 0.000947996
3258 0.000947996
3259 0.000947996
3260 0.066922256
3261 0.000541712
3262 0.000406284
3263 0.003927411
3264 0.004062839
3265 0.001354280
3266 0.001354280
3267 0.001354280
3268 0.001354280
3269 0.001354280
3270 0.001354280
3271 0.003521127
3272 0.004469122
3273 0.003521127
3274 0.003521127
3275 0.003521127
3276 0.003927411
3277 0.003927411
3278 0.001625135
3279 0.001625135
3280 0.001625135
3281 0.001625135
3282 0.001625135
3283 0.001625135
3284 0.001625135
3285 0.044907329
3286 0.053083401
3287 0.044907329
3288 0.044907329
3289 0.044907329
3290 0.044907329
3291 0.044907329
3292 0.044907329
3293 0.044907329
3294 0.044907329
3295 0.044907329
3296 0.004469122
3297 0.051729121
3298 0.072302189
3299 0.000541712
3300 0.000541712
3301 0.000541712
3302 0.045553535
3303 0.002031419
3304 0.002979415
3305 0.055221711
3306 0.066922256
3307 0.002437703
3308 0.002437703
3309 0.002302275
3310 0.002437703
3311 0.002437703
3312 0.002302275
3313 0.002302275
3314 0.066922256
3315 0.000270856
3316 0.000270856
3317 0.000270856
3318 0.000270856
3319 0.000541712
3320 0.062836078
3321 0.074196461
3322 0.000541712
3323 0.000541712
3324 0.000541712
3325 0.079392722
3326 0.079392722
3327 0.079392722
3328 0.079392722
3329 0.079392722
3330 0.079392722
3331 0.079392722
3332 0.079392722
3333 0.079392722
3334 0.079392722
3335 0.079392722
3336 0.079392722
3337 0.079392722
3338 0.079392722
3339 0.079392722
3340 0.079392722
3341 0.079392722
3342 0.079392722
3343 0.079392722
3344 0.079392722
3345 0.079392722
3346 0.079392722
3347 0.079392722
3348 0.079392722
3349 0.066922256
3350 0.064042335
3351 0.064042335
3352 0.001760563
3353 0.066922256
3354 0.001760563
3355 0.001462622
3356 0.002221018
3357 0.074441482
3358 0.000835139
3359 0.001462622
3360 0.000270856
3361 0.000270856
3362 0.001462622
3363 0.003521127
3364 0.003521127
3365 0.003521127
3366 0.003521127
3367 0.003521127
3368 0.003521127
3369 0.003521127
3370 0.003521127
3371 0.003521127
3372 0.003521127
3373 0.003521127
3374 0.003521127
3375 0.003521127
3376 0.003521127
3377 0.074441482
3378 0.000270856
3379 0.000270856
3380 0.066922256
3381 0.082589877
3382 0.082589877
3383 0.001083424
3384 0.001083424
3385 0.001083424
3386 0.001083424
3387 0.001083424
3388 0.000631997
3389 0.001760563
3390 0.001760563
3391 0.052441983
3392 0.066922256
3393 0.066922256
3394 0.002437703
3395 0.002437703
3396 0.001083424
3397 0.001083424
3398 0.001083424
3399 0.001083424
3400 0.001083424
3401 0.002302275
3402 0.002302275
3403 0.002302275
3404 0.000270856
3405 0.000270856
3406 0.000406284
3407 0.001083424
3408 0.001083424
3409 0.001083424
3410 0.001083424
3411 0.001083424
3412 0.058684314
3413 0.000541712
3414 0.000406284
3415 0.068277898
3416 0.068277898
3417 0.000270856
3418 0.000270856
3419 0.000406284
3420 0.000270856
3421 0.000270856
3422 0.000541712
3423 0.000541712
3424 0.000541712
3425 0.001625135
3426 0.001625135
3427 0.001625135
3428 0.001625135
3429 0.001625135
3430 0.001625135
3431 0.001625135
3432 0.068352764
3433 0.068352764
3434 0.000812568
3435 0.000812568
3436 0.000812568
3437 0.000812568
3438 0.066922256
3439 0.000270856
3440 0.000270856
3441 0.000270856
3442 0.000270856
3443 0.058283422
3444 0.058418850
3445 0.058283422
3446 0.000406284
3447 0.000541712
3448 0.000406284
3449 0.000406284
3450 0.066922256
3451 0.001354280
3452 0.001354280
3453 0.001354280
3454 0.001354280
3455 0.001354280
3456 0.001354280
3457 0.000812568
3458 0.001354280
3459 0.083943941
3460 0.084169655
3461 0.084169655
3462 0.084169655
3463 0.000270856
3464 0.000270856
3465 0.083921370
3466 0.083921370
3467 0.083921370
3468 0.083921370
3469 0.065535804
3470 0.065535804
3471 0.054188447
3472 0.072146682
3473 0.072146682
3474 0.072146682
3475 0.001218852
3476 0.001218852
3477 0.001218852
3478 0.001218852
3479 0.001083424
3480 0.001354280
3481 0.001354280
3482 0.001354280
3483 0.001083424
3484 0.001083424
3485 0.000541712
3486 0.000541712
3487 0.000541712
3488 0.063771479
3489 0.071454543
3490 0.071454543
3491 0.071454543
3492 0.002708559
3493 0.001625135
3494 0.001625135
3495 0.001218852
3496 0.001218852
3497 0.001760563
3498 0.001625135
3499 0.066922256
3500 0.001625135
3501 0.002031419
3502 0.001895991
3503 0.002031419
3504 0.002031419
3505 0.001895991
3506 0.066199974
3507 0.066199974
3508 0.066335402
3509 0.066335402
3510 0.066199974
3511 0.066922256
3512 0.066199974
3513 0.066199974
3514 0.066199974
3515 0.066199974
3516 0.066199974
3517 0.066199974
3518 0.066199974
3519 0.000541712
3520 0.000541712
3521 0.000541712
3522 0.073763697
3523 0.073628269
3524 0.073628269
3525 0.066199974
3526 0.066199974
3527 0.000812568
3528 0.000812568
3529 0.000812568
3530 0.000812568
3531 0.069397797
3532 0.069397797
3533 0.000406284
3534 0.000541712
3535 0.000541712
3536 0.000541712
3537 0.070946190
3538 0.069804081
3539 0.069668653
3540 0.069804081
3541 0.069668653
3542 0.053312339
3543 0.053312339
3544 0.069533225
3545 0.000270856
3546 0.000270856
3547 0.000947996
3548 0.000541712
3549 0.000541712
3550 0.000541712
3551 0.000947996
3552 0.002031419
3553 0.002031419
3554 0.002031419
3555 0.064798152
3556 0.002166847
3557 0.002166847
3558 0.000270856
3559 0.000270856
3560 0.000270856
3561 0.000270856
3562 0.002031419
3563 0.065730455
3564 0.065730455
3565 0.000947996
3566 0.001986277
3567 0.002031419
3568 0.066922256
3569 0.003656555
3570 0.003656555
3571 0.003656555
3572 0.003656555
3573 0.003656555
3574 0.003656555
3575 0.003656555
3576 0.003656555
3577 0.003340556
3578 0.003340556
3579 0.003340556
3580 0.000947996
3581 0.000947996
3582 0.001354280
3583 0.001354280
3584 0.083244230
3585 0.083244230
3586 0.000270856
3587 0.000270856
3588 0.064933580
3589 0.065204436
3590 0.064933580
3591 0.064933580
3592 0.001354280
3593 0.001354280
3594 0.001354280
3595 0.001354280
3596 0.001354280
3597 0.001354280
3598 0.000270856
3599 0.000270856
3600 0.000541712
3601 0.000541712
3602 0.000541712
3603 0.000541712
3604 0.000812568
3605 0.000000000
3606 0.059730244
3607 0.050261992
3608 0.043395776
3609 0.000270856
3610 0.000270856
3611 0.064798152
3612 0.064798152
3613 0.000000000
3614 0.000541712
3615 0.000541712
3616 0.000000000
3617 0.000000000
3618 0.000677140
3619 0.000812568
3620 0.000541712
3621 0.000541712
3622 0.000541712
3623 0.000000000
3624 0.000000000
3625 0.000000000
3626 0.002031419
3627 0.000000000
3628 0.000541712
3629 0.000541712
3630 0.000677140
3631 0.000812568
3632 0.000812568
3633 0.000947996
3634 0.000947996
3635 0.000812568
3636 0.000812568
3637 0.006771398
3638 0.006771398
3639 0.006771398
3640 0.006771398
3641 0.006771398
3642 0.006771398
3643 0.006771398
3644 0.006771398
3645 0.006771398
3646 0.006771398
3647 0.006771398
3648 0.006771398
3649 0.006771398
3650 0.006771398
3651 0.006771398
3652 0.006771398
3653 0.006771398
3654 0.006771398
3655 0.006771398
3656 0.006771398
3657 0.006771398
3658 0.006771398
3659 0.006771398
3660 0.006771398
3661 0.006771398
3662 0.006771398
3663 0.000406284
3664 0.000541712
3665 0.000406284
3666 0.001218852
3667 0.001218852
3668 0.000270856
3669 0.000270856
3670 0.000270856
3671 0.000270856
3672 0.001083424
3673 0.000541712
3674 0.000541712
3675 0.000541712
3676 0.000541712
3677 0.000541712
3678 0.000541712
3679 0.000270856
3680 0.000270856
3681 0.000541712
3682 0.000541712
3683 0.000541712
3684 0.000541712
3685 0.000541712
3686 0.000541712
3687 0.000406284
3688 0.000541712
3689 0.000406284
3690 0.066922256
3691 0.066922256
3692 0.066922256
