28427156 78.886290500

0 0.001246192
1 0.001107726
2 0.000969261
3 0.047558475
4 0.057235567
5 0.047696941
6 0.003323179
7 0.002746238
8 0.003738577
10 0.096885728
11 0.124789664
12 0.102784371
13 0.090816311
14 0.090816311
16 0.069624850
17 0.000738484
18 0.000553863
19 0.000830795
21 0.055066270
22 0.054697028
23 0.054558562
24 0.072348010
25 0.072209545
26 0.072348010
27 0.072348010
28 0.072209545
29 0.000415397
30 0.000553863
31 0.000276932
32 0.000276932
33 0.000415397
34 0.000853872
35 0.001338503
36 0.002238530
37 0.003000092
40 0.000276932
41 0.000276932
42 0.001800055
43 0.001800055
44 0.001938521
45 0.002076987
46 0.000276932
47 0.000276932
48 0.075787567
49 0.091822496
50 0.002192375
51 0.001800055
52 0.001707745
53 0.085388452
54 0.001107726
55 0.001107726
56 0.001107726
57 0.001107726
58 0.085388452
59 0.085388452
60 0.085388452
61 0.001107726
63 0.002215453
64 0.002215453
65 0.001384658
66 0.000553863
67 0.000553863
68 0.000553863
69 0.075787567
70 0.060617759
71 0.000830795
72 0.000553863
73 0.000553863
74 0.000553863
75 0.000553863
76 0.004707837
77 0.003184713
78 0.003184713
79 0.000553863
80 0.000553863
81 0.000553863
82 0.056059377
83 0.067592040
84 0.056059377
85 0.056059377
86 0.056059377
87 0.056059377
88 0.054402973
89 0.053849109
90 0.065977485
91 0.001384658
92 0.001107726
93 0.002076987
94 0.001523124
95 0.053849109
96 0.001661590
97 0.001800055
98 0.000553863
99 0.000830795
100 0.000553863
101 0.000553863
102 0.001107726
103 0.000830795
104 0.001107726
105 0.001753900
106 0.001661590
107 0.000553863
108 0.000830795
109 0.000276932
110 0.001200037
111 0.000553863
112 0.000415397
113 0.001107726
114 0.001107726
115 0.000969261
116 0.001107726
117 0.000276932
118 0.000276932
119 0.000553863
120 0.002492384
122 0.000692329
123 0.001107726
124 0.000692329
125 0.000692329
126 0.000692329
127 0.001107726
128 0.000830795
129 0.000692329
130 0.000692329
131 0.000830795
132 0.001661590
133 0.000276932
134 0.000276932
135 0.078460176
136 0.067684936
137 0.000276932
138 0.000276932
139 0.000830795
140 0.000830795
141 0.000830795
142 0.000830795
143 0.000276932
144 0.000276932
145 0.000553863
146 0.000553863
147 0.000276932
148 0.000276932
149 0.002769316
150 0.002769316
151 0.002769316
152 0.002769316
153 0.002769316
154 0.002769316
155 0.002769316
156 0.002769316
157 0.002769316
158 0.002769316
159 0.002769316
160 0.001384658
161 0.000830795
162 0.000276932
163 0.000276932
164 0.001246192
165 0.000969261
166 0.001246192
167 0.000969261
168 0.000969261
169 0.000969261
170 0.000830795
171 0.000830795
172 0.000415397
173 0.000276932
174 0.000276932
175 0.000415397
176 0.000553863
177 0.103505053
178 0.093747830
179 0.076362529
180 0.076224064
181 0.000830795
182 0.000830795
183 0.000830795
184 0.000830795
185 0.089551067
186 0.082714153
187 0.082852619
188 0.000415397
189 0.000876950
190 0.001384658
193 0.061285033
194 0.076249119
195 0.061008101
196 0.000276932
197 0.000276932
198 0.002492384
199 0.002492384
200 0.001800055
201 0.002492384
202 0.002492384
203 0.000276932
204 0.000276932
206 0.083782488
207 0.065818079
208 0.071546068
210 0.001800055
212 0.069958306
213 0.069051156
215 0.065818079
216 0.001200037
219 0.001200037
221 0.000553863
222 0.000553863
223 0.000553863
224 0.046280483
225 0.046280483
226 0.000969261
227 0.000969261
228 0.075742071
229 0.075742071
230 0.075742071
231 0.075742071
232 0.075742071
233 0.075742071
234 0.075742071
235 0.075742071
236 0.075742071
237 0.075603605
238 0.075742071
239 0.098860804
240 0.078321711
241 0.000276932
242 0.000276932
243 0.054420096
244 0.054881649
245 0.046376900
246 0.001384658
247 0.000923105
248 0.062345395
249 0.051138335
250 0.051276801
251 0.000969261
252 0.085642305
253 0.000553863
254 0.000415397
255 0.000784640
256 0.000276932
257 0.000276932
258 0.000646174
259 0.001846211
260 0.002907782
261 0.094067400
262 0.074839665
263 0.001938521
264 0.000276932
265 0.000276932
266 0.001384658
267 0.000969261
268 0.001384658
269 0.046053813
270 0.002215453
271 0.001938521
272 0.001938521
273 0.002492384
274 0.001938521
275 0.002030832
276 0.074357413
277 0.074495879
278 0.001661590
279 0.001661590
280 0.002169298
281 0.001527739
282 0.054373941
283 0.002123142
284 0.000276932
285 0.000276932
286 0.002400074
287 0.002261608
288 0.003600111
289 0.002400074
290 0.000830795
291 0.001107726
292 0.001107726
293 0.000415397
295 0.000830795
296 0.000830795
297 0.000830795
298 0.000830795
299 0.077357505
300 0.060907109
301 0.060907109
302 0.060907109
303 0.074561285
304 0.058290944
305 0.058290944
306 0.058290944
307 0.058290944
308 0.058290944
309 0.058290944
310 0.058290944
311 0.058290944
312 0.058290944
313 0.058290944
314 0.058290944
315 0.078988145
316 0.078572747
317 0.078572747
318 0.094330375
319 0.099091181
320 0.078572747
321 0.078572747
322 0.078572747
323 0.078572747
324 0.083568505
325 0.063808187
326 0.063808187
327 0.079297125
328 0.069614320
329 0.069614320
330 0.069614320
331 0.069614320
332 0.070675891
333 0.069614320
334 0.069614320
335 0.069614320
336 0.069614320
337 0.069614320
338 0.069614320
339 0.069614320
340 0.069614320
341 0.069614320
342 0.069614320
343 0.069614320
344 0.069614320
345 0.069614320
346 0.069614320
347 0.069614320
348 0.069614320
349 0.069614320
350 0.069614320
351 0.069614320
352 0.069614320
353 0.069614320
354 0.069614320
355 0.069614320
356 0.069614320
357 0.069614320
358 0.069614320
359 0.069614320
360 0.069614320
361 0.069614320
362 0.069614320
363 0.069614320
364 0.069614320
365 0.069614320
366 0.069614320
367 0.069614320
368 0.069614320
369 0.069614320
370 0.069614320
371 0.069614320
372 0.069614320
373 0.069614320
374 0.069614320
375 0.072062217
376 0.072062217
377 0.072062217
378 0.074357413
379 0.075603605
380 0.000830795
381 0.000830795
382 0.051138335
383 0.053866233
384 0.000276932
385 0.000276932
386 0.051362738
387 0.051362738
388 0.001846211
389 0.001846211
390 0.087251586
391 0.068366279
392 0.078321711
393 0.001661590
394 0.001846211
395 0.001661590
396 0.000553863
397 0.000553863
398 0.000553863
399 0.001107726
400 0.000692329
401 0.000692329
402 0.000692329
403 0.001661590
404 0.000553863
405 0.000553863
406 0.001107726
407 0.000692329
408 0.089939361
409 0.089800895
410 0.089662429
411 0.000276932
412 0.000276932
413 0.001938521
414 0.001938521
415 0.001938521
416 0.063482133
417 0.083143787
418 0.080826793
419 0.083143787
420 0.066392702
421 0.081353053
422 0.001107726
423 0.000830795
424 0.001107726
425 0.001638512
426 0.076249779
427 0.076249779
428 0.076249779
429 0.076249779
430 0.076249779
431 0.076249779
432 0.076249779
433 0.076111313
434 0.076249779
435 0.076111313
436 0.090628723
437 0.090628723
438 0.090628723
439 0.068681304
440 0.068542838
441 0.092215255
442 0.091938323
443 0.104953119
444 0.092076789
445 0.091938323
446 0.091938323
447 0.092769118
448 0.000969261
449 0.001246192
450 0.078014159
451 0.078152624
452 0.078014159
453 0.002353919
454 0.078014159
455 0.078152624
456 0.000553863
457 0.000553863
458 0.000553863
459 0.000692329
460 0.077004367
461 0.000553863
462 0.084704764
463 0.065617364
464 0.065478898
465 0.065478898
466 0.081089638
467 0.071546068
468 0.000830795
469 0.000830795
470 0.000830795
471 0.000830795
472 0.000276932
473 0.000276932
474 0.001661590
475 0.001661590
476 0.001661590
477 0.001661590
478 0.001661590
479 0.001661590
480 0.001661590
481 0.091672601
482 0.098263573
483 0.106884388
484 0.084252482
485 0.089029553
486 0.084252482
487 0.084667880
488 0.084252482
489 0.084252482
490 0.066692382
491 0.066692382
492 0.066692382
493 0.068681304
494 0.056341913
495 0.097680588
496 0.077353369
497 0.077353369
498 0.077353369
499 0.077353369
500 0.077353369
501 0.077353369
502 0.077353369
503 0.077353369
504 0.077353369
505 0.077353369
506 0.095188204
507 0.095188204
508 0.077353369
509 0.002584695
510 0.001984676
511 0.001984676
512 0.003600111
513 0.002076987
514 0.002076987
515 0.075649101
516 0.075510635
517 0.060756225
518 0.001015416
519 0.000276932
520 0.000276932
521 0.002769316
522 0.002769316
523 0.002769316
524 0.002769316
525 0.002630850
526 0.002769316
527 0.002630850
528 0.002769316
529 0.002769316
530 0.069969585
531 0.069969585
532 0.069969585
533 0.087878748
534 0.069969585
535 0.069969585
536 0.069969585
537 0.087878748
538 0.069969585
539 0.069831120
540 0.000553863
541 0.000553863
542 0.000553863
543 0.000276932
544 0.000276932
545 0.000553863
546 0.000553863
547 0.074357413
548 0.074357413
549 0.000276932
550 0.000276932
551 0.001061571
552 0.000969261
553 0.000853872
554 0.076078345
555 0.091749526
556 0.090296405
557 0.091749526
558 0.091887992
559 0.101949401
560 0.091887992
561 0.090434871
562 0.099626362
563 0.091749526
564 0.090434871
565 0.090434871
566 0.099626362
567 0.099626362
568 0.090434871
569 0.101810935
570 0.094334221
571 0.091749526
572 0.104288044
573 0.075279859
574 0.075279859
575 0.054373941
576 0.000553863
577 0.000553863
578 0.099091401
579 0.084137973
580 0.084137973
581 0.084137973
582 0.084137973
583 0.084137973
584 0.069831120
585 0.000969261
586 0.087474080
587 0.066251669
588 0.066390135
589 0.000415397
590 0.000553863
591 0.083999508
592 0.000553863
593 0.000553863
594 0.000553863
595 0.000553863
596 0.000415397
597 0.000276932
598 0.000276932
599 0.000553863
600 0.000415397
601 0.000876950
602 0.000276932
603 0.000276932
604 0.000830795
605 0.000830795
606 0.000830795
607 0.000830795
608 0.000415397
609 0.000276932
610 0.000276932
611 0.088296233
612 0.068542838
613 0.088296233
614 0.000276932
615 0.000276932
616 0.000276932
617 0.000276932
618 0.000276932
619 0.000276932
620 0.001523124
621 0.001061571
622 0.073814139
623 0.091044120
624 0.091044120
625 0.073814139
626 0.073814139
627 0.091044120
628 0.000276932
629 0.000276932
630 0.096721218
631 0.090628723
632 0.090628723
633 0.090628723
634 0.090628723
635 0.090628723
636 0.090628723
637 0.090628723
638 0.001938521
639 0.001523124
640 0.001523124
641 0.001523124
642 0.001938521
643 0.000830795
644 0.000553863
645 0.000692329
646 0.000692329
647 0.001523124
648 0.001523124
649 0.001523124
650 0.090736308
651 0.101118606
652 0.091195663
653 0.066667066
654 0.066667066
655 0.071369888
656 0.071646820
657 0.071646820
658 0.071785286
659 0.087113120
660 0.101257072
661 0.087113120
662 0.087113120
663 0.087113120
664 0.089662429
665 0.089662429
666 0.089800895
669 0.075535911
670 0.075535911
671 0.075535911
672 0.075535911
673 0.075258979
674 0.075535911
676 0.001246192
677 0.002215453
678 0.001246192
679 0.001246192
680 0.001246192
681 0.001246192
682 0.000276932
683 0.000276932
684 0.001246192
685 0.001246192
686 0.001246192
687 0.000553863
688 0.000415397
689 0.061149790
690 0.050120165
691 0.050120165
692 0.050120165
693 0.050120165
694 0.068129968
695 0.057272747
696 0.057272747
697 0.057272747
698 0.057272747
699 0.085388452
700 0.085388452
701 0.085388452
702 0.085388452
703 0.077004367
704 0.077004367
705 0.100490784
706 0.077004367
707 0.077004367
708 0.077004367
709 0.077004367
710 0.001712360
711 0.001278501
712 0.000553863
713 0.000553863
714 0.000553863
715 0.000553863
716 0.000415397
717 0.001938521
718 0.002492384
719 0.002492384
720 0.002492384
721 0.002353919
722 0.075983437
723 0.076398834
724 0.076537300
725 0.075568039
726 0.075983437
727 0.077091163
728 0.075844971
729 0.076537300
730 0.077091163
731 0.001938521
732 0.001938521
733 0.001938521
734 0.001938521
735 0.002353919
736 0.075429574
737 0.076952697
738 0.075844971
739 0.076260368
740 0.075844971
741 0.075014176
742 0.075844971
743 0.075119015
744 0.075152642
745 0.075152642
746 0.075152642
747 0.073457425
748 0.075429574
749 0.000553863
750 0.000830795
751 0.000553863
752 0.000553863
753 0.000415397
754 0.000276932
755 0.000276932
756 0.041019571
757 0.047290847
758 0.000276932
759 0.000276932
760 0.089104610
761 0.089104610
762 0.089104610
763 0.089104610
764 0.000276932
765 0.000276932
766 0.058469581
767 0.058469581
768 0.058469581
769 0.000276932
770 0.000276932
771 0.056783502
772 0.001107726
773 0.001107726
774 0.001107726
775 0.001107726
776 0.001107726
777 0.073611236
778 0.073611236
779 0.073611236
780 0.073611236
781 0.073611236
782 0.073611236
783 0.073611236
784 0.066667066
785 0.066667066
786 0.066667066
789 0.000553863
790 0.000553863
791 0.000553863
792 0.001200037
793 0.001200037
794 0.001384658
795 0.000553863
796 0.000553863
797 0.000553863
798 0.000276932
799 0.000276932
800 0.001938521
801 0.001246192
802 0.001938521
803 0.075152642
804 0.075152642
805 0.075014176
806 0.000276932
807 0.001246192
808 0.001246192
809 0.001246192
810 0.001384658
811 0.001384658
812 0.075014176
813 0.001661590
814 0.001661590
815 0.001938521
816 0.001800055
817 0.001938521
818 0.001800055
819 0.001661590
820 0.001661590
821 0.000553863
822 0.000415397
823 0.000276932
824 0.000276932
825 0.001246192
826 0.001246192
827 0.001246192
828 0.000276932
830 0.092326247
831 0.087419283
832 0.087419283
833 0.087696215
834 0.078278453
835 0.078278453
836 0.070430259
837 0.070430259
838 0.087603904
839 0.087603904
840 0.087603904
842 0.000276932
843 0.000553863
844 0.000553863
845 0.000553863
848 0.001107726
849 0.001107726
850 0.001107726
851 0.001107726
852 0.001107726
853 0.066251669
854 0.066251669
855 0.010384935
856 0.010384935
857 0.010384935
858 0.010384935
859 0.010384935
860 0.010384935
861 0.010661867
862 0.010384935
863 0.010384935
864 0.011908059
865 0.010384935
866 0.010384935
867 0.010384935
868 0.010384935
869 0.010384935
870 0.010384935
871 0.010384935
872 0.010384935
873 0.010384935
874 0.010384935
875 0.010384935
876 0.010384935
877 0.010384935
878 0.010384935
879 0.010800332
880 0.010384935
881 0.010384935
882 0.010384935
883 0.010384935
884 0.010384935
885 0.010384935
886 0.010384935
887 0.002215453
888 0.002215453
889 0.002215453
890 0.002076987
891 0.002215453
892 0.002215453
893 0.002215453
894 0.002215453
895 0.002076987
896 0.075279859
897 0.075279859
898 0.000553863
899 0.000553863
900 0.000553863
901 0.001384658
902 0.001384658
903 0.001384658
904 0.001384658
905 0.001384658
906 0.001384658
907 0.004153974
908 0.004153974
909 0.004153974
910 0.004153974
911 0.004153974
912 0.004153974
913 0.004153974
914 0.004153974
915 0.004153974
916 0.004153974
917 0.004153974
918 0.004153974
919 0.004153974
920 0.004153974
921 0.004153974
922 0.004153974
923 0.005123235
924 0.005215545
925 0.005815564
926 0.005123235
927 0.005261700
928 0.005815564
929 0.003323179
930 0.003323179
931 0.003323179
932 0.002630850
933 0.002630850
934 0.002630850
935 0.002630850
936 0.002630850
937 0.000276932
938 0.000276932
939 0.000553863
940 0.000553863
941 0.000553863
942 0.001661590
943 0.001384658
944 0.001661590
945 0.001523124
946 0.001246192
947 0.001246192
948 0.001246192
949 0.001384658
950 0.001661590
951 0.001523124
952 0.001384658
953 0.001523124
954 0.001384658
955 0.001384658
956 0.000276932
957 0.000923105
959 0.000276932
960 0.000276932
961 0.000830795
962 0.000553863
963 0.000692329
964 0.000692329
965 0.001107726
966 0.001107726
967 0.000876950
968 0.000553863
969 0.000553863
970 0.000553863
972 0.000276932
973 0.000276932
974 0.000553863
975 0.000553863
976 0.000553863
978 0.001246192
979 0.000923105
997 0.002630850
998 0.002630850
999 0.001892366
1000 0.002030832
1001 0.002630850
1002 0.001753900
1003 0.002215453
1004 0.002215453
1005 0.002030832
1006 0.002215453
1007 0.002169298
1008 0.000969261
1009 0.001107726
1010 0.001107726
1011 0.001107726
1012 0.000969261
1013 0.000830795
1014 0.000830795
1015 0.000830795
1016 0.000830795
1022 0.001407736
1023 0.000830795
1024 0.000830795
1025 0.000830795
1026 0.000830795
1027 0.008307948
1028 0.008307948
1029 0.008307948
1030 0.008307948
1031 0.008307948
1032 0.008307948
1033 0.008307948
1034 0.008307948
1035 0.008307948
1036 0.008307948
1037 0.008307948
1038 0.008307948
1039 0.008307948
1040 0.008307948
1041 0.008307948
1042 0.008307948
1043 0.008307948
1044 0.008307948
1045 0.008307948
1046 0.008307948
1047 0.008307948
1048 0.008307948
1049 0.008307948
1050 0.008307948
1051 0.008307948
1052 0.008307948
1053 0.008307948
1054 0.008307948
1055 0.008307948
1056 0.008307948
1057 0.008307948
1058 0.014677375
1059 0.014677375
1060 0.014677375
1061 0.014677375
1062 0.014677375
1063 0.014677375
1064 0.014677375
1065 0.014677375
1066 0.014677375
1067 0.014677375
1068 0.014677375
1069 0.014677375
1070 0.014677375
1071 0.014677375
1072 0.014677375
1073 0.014677375
1074 0.014677375
1075 0.014677375
1076 0.014677375
1077 0.014677375
1078 0.014677375
1079 0.014677375
1080 0.014677375
1081 0.014677375
1082 0.014677375
1083 0.014677375
1084 0.014677375
1085 0.014677375
1086 0.014677375
1087 0.014677375
1088 0.014677375
1089 0.014677375
1090 0.014677375
1091 0.014677375
1092 0.014677375
1093 0.014677375
1094 0.014677375
1095 0.014677375
1096 0.014677375
1097 0.014677375
1098 0.014677375
1099 0.014677375
1100 0.014677375
1101 0.014677375
1102 0.014677375
1103 0.014677375
1104 0.014677375
1105 0.014677375
1106 0.014677375
1107 0.014677375
1108 0.014677375
1109 0.014677375
1110 0.014677375
1111 0.014677375
1112 0.001800055
1113 0.001384658
1114 0.002307763
1115 0.001500046
1116 0.001500046
1117 0.000276932
1118 0.000276932
1119 0.001384658
1120 0.001523124
1121 0.001523124
1122 0.001938521
1123 0.001430813
1124 0.001430813
1125 0.001430813
1126 0.001430813
1127 0.000553863
1128 0.000553863
1129 0.000553863
1130 0.000830795
1131 0.000830795
1132 0.000830795
1133 0.000830795
1134 0.000276932
1135 0.000276932
1136 0.000553863
1137 0.000553863
1138 0.000553863
1139 0.004707837
1140 0.004430906
1141 0.004430906
1142 0.004430906
1143 0.004430906
1144 0.004430906
1145 0.004430906
1146 0.004430906
1147 0.004707837
1148 0.004430906
1149 0.004430906
1150 0.004430906
1151 0.004430906
1152 0.004430906
1153 0.004430906
1154 0.004430906
1155 0.002492384
1156 0.003184713
1157 0.003461645
1158 0.002492384
1159 0.003877042
1160 0.000276932
1161 0.000276932
1162 0.000276932
1163 0.000276932
1164 0.000276932
1165 0.000276932
1166 0.000276932
1167 0.000276932
1168 0.000276932
1169 0.000276932
1170 0.003323179
1171 0.002492384
1172 0.002492384
1173 0.003323179
1174 0.002492384
1175 0.001661590
1176 0.001246192
1177 0.001246192
1178 0.001246192
1179 0.004338595
1180 0.002492384
1181 0.002501615
1182 0.003300102
1183 0.002132373
1184 0.002746238
1185 0.002492384
1186 0.001772362
1187 0.000276932
1188 0.000276932
1189 0.075279859
1190 0.075279859
1191 0.001384658
1192 0.001523124
1193 0.001523124
1194 0.093581231
1195 0.092888902
1196 0.069756782
1197 0.069756782
1198 0.093581231
1199 0.093581231
1200 0.092888902
1201 0.001107726
1202 0.000969261
1203 0.001107726
1204 0.000969261
1205 0.000830795
1206 0.001384658
1207 0.002353919
1208 0.002492384
1209 0.002492384
1210 0.002492384
1211 0.002492384
1212 0.002492384
1213 0.002492384
1214 0.002492384
1215 0.002492384
1216 0.092854176
1217 0.094654231
1218 0.094654231
1219 0.094654231
1220 0.093823436
1221 0.002353919
1222 0.000553863
1223 0.000830795
1224 0.000553863
1225 0.002492384
1226 0.002746238
1227 0.002677005
1228 0.002492384
1229 0.002492384
1230 0.002492384
1231 0.002492384
1232 0.002492384
1233 0.002132373
1234 0.002132373
1235 0.001887750
1236 0.002109296
1237 0.001592357
1238 0.001107726
1239 0.000692329
1240 0.000692329
1241 0.000692329
1242 0.000692329
1243 0.001246192
1244 0.001384658
1245 0.001384658
1246 0.001384658
1247 0.001107726
1248 0.001246192
1249 0.001200037
1250 0.001661590
1251 0.001384658
1252 0.001661590
1253 0.001384658
1254 0.001384658
1255 0.001384658
1256 0.001476969
1257 0.000553863
1258 0.000415397
1259 0.000415397
1260 0.001938521
1261 0.001661590
1262 0.001523124
1263 0.002215453
1264 0.001523124
1265 0.002215453
1266 0.002215453
1267 0.002076987
1268 0.002215453
1269 0.002215453
1270 0.002215453
1271 0.002215453
1272 0.002215453
1273 0.066098697
1274 0.066098697
1275 0.066098697
1276 0.066791026
1277 0.066098697
1278 0.066098697
1279 0.066929492
1280 0.066929492
1281 0.066929492
1282 0.066929492
1283 0.066929492
1284 0.066929492
1285 0.066929492
1286 0.066375629
1287 0.066375629
1288 0.066098697
1289 0.066098697
1290 0.066098697
1291 0.066929492
1292 0.066929492
1293 0.066098697
1294 0.066098697
1295 0.078770336
1296 0.066929492
1297 0.066098697
1298 0.066098697
1299 0.066098697
1300 0.066098697
1301 0.066098697
1302 0.066098697
1303 0.066375629
1304 0.066098697
1305 0.066098697
1306 0.001523124
1307 0.001292347
1308 0.001153882
1309 0.001107726
1310 0.000830795
1311 0.000830795
1312 0.001523124
1313 0.001523124
1314 0.001938521
1316 0.001938521
1317 0.001938521
1318 0.001938521
1319 0.001938521
1320 0.001938521
1321 0.001938521
1322 0.001938521
1323 0.001938521
1324 0.002215453
1325 0.002215453
1326 0.002215453
1327 0.002215453
1328 0.002215453
1329 0.002215453
1330 0.002215453
1331 0.002215453
1332 0.002215453
1333 0.101757966
1334 0.101757966
1335 0.101757966
1336 0.101757966
1337 0.101342569
1338 0.101342569
1339 0.101757966
1340 0.003323179
1341 0.003323179
1342 0.003323179
1343 0.003323179
1344 0.003323179
1345 0.003323179
1346 0.003323179
1347 0.003323179
1348 0.003323179
1349 0.003323179
1350 0.003323179
1351 0.003323179
1352 0.003323179
1353 0.001015416
1354 0.001569279
1355 0.001292347
1356 0.001476969
1357 0.001200037
1358 0.001084649
1359 0.001084649
1360 0.000876950
1361 0.000784640
1362 0.000276932
1363 0.000276932
1365 0.002076987
1366 0.001061571
1367 0.000761562
1368 0.001292347
1369 0.001292347
1370 0.000276932
1371 0.000276932
1372 0.000276932
1373 0.000276932
1374 0.000692329
1375 0.000692329
1376 0.000692329
1377 0.001661590
1378 0.001661590
1379 0.001661590
1380 0.001661590
1381 0.001661590
1382 0.001661590
1383 0.001661590
1384 0.068051724
1385 0.068051724
1386 0.068051724
1387 0.068051724
1388 0.068051724
1389 0.068051724
1390 0.068051724
1391 0.068051724
1392 0.068051724
1393 0.068051724
1394 0.068051724
1395 0.068051724
1396 0.068051724
1397 0.068051724
1398 0.068051724
1399 0.001661590
1400 0.001523124
1401 0.001523124
1402 0.001523124
1403 0.001523124
1404 0.001661590
1405 0.001107726
1406 0.003323179
1407 0.003323179
1408 0.003323179
1409 0.003323179
1410 0.003323179
1411 0.003323179
1412 0.003323179
1413 0.003184713
1414 0.003323179
1415 0.003323179
1416 0.003323179
1417 0.003323179
1418 0.003184713
1419 0.000415397
1420 0.000553863
1421 0.000415397
1422 0.000553863
1423 0.000553863
1424 0.000553863
1425 0.075258979
1426 0.075258979
1427 0.001661590
1428 0.001661590
1429 0.001661590
1430 0.001661590
1431 0.001661590
1432 0.001661590
1433 0.001661590
1434 0.000553863
1435 0.000553863
1436 0.000553863
1437 0.072014084
1438 0.072014084
1439 0.002215453
1440 0.001661590
1441 0.002076987
1442 0.001661590
1443 0.002215453
1444 0.070530482
1445 0.070530482
1446 0.070530482
1447 0.093720136
1448 0.070530482
1449 0.000553863
1450 0.000553863
1451 0.000553863
1452 0.001938521
1453 0.001938521
1454 0.001938521
1455 0.001800055
1456 0.072152550
1457 0.072014084
1458 0.005538632
1459 0.005538632
1460 0.005538632
1461 0.005538632
1462 0.005538632
1463 0.005538632
1464 0.005538632
1465 0.005538632
1466 0.005538632
1467 0.005538632
1468 0.005538632
1469 0.005538632
1470 0.005538632
1471 0.005538632
1472 0.005538632
1473 0.005538632
1474 0.005538632
1475 0.005538632
1476 0.005538632
1477 0.005538632
1478 0.005538632
1479 0.072014084
1480 0.071875618
1481 0.000553863
1482 0.000415397
1483 0.089381541
1484 0.074680500
1485 0.089381541
1486 0.089381541
1487 0.001246192
1488 0.001246192
1489 0.001246192
1490 0.001361580
1491 0.001361580
1492 0.001938521
1493 0.001938521
1494 0.001938521
1495 0.001938521
1496 0.001938521
1497 0.001500046
1498 0.001500046
1499 0.075279859
1500 0.075279859
1501 0.001107726
1502 0.001107726
1503 0.000830795
1504 0.000830795
1505 0.001384658
1506 0.001938521
1507 0.001800055
1508 0.074865121
1509 0.074588189
1510 0.074588189
1511 0.001800055
1512 0.002215453
1513 0.002215453
1514 0.001800055
1515 0.000553863
1516 0.000553863
1517 0.000553863
1518 0.000553863
1519 0.000553863
1520 0.000553863
1521 0.074495879
1522 0.074357413
1523 0.074357413
1524 0.000276932
1525 0.000276932
1526 0.001800055
1527 0.001800055
1528 0.000830795
1529 0.001938521
1530 0.001938521
1531 0.001246192
1532 0.001384658
1533 0.001107726
1534 0.001384658
1535 0.001384658
1536 0.001384658
1537 0.001384658
1538 0.001800055
1539 0.001107726
1540 0.001107726
1541 0.001246192
1542 0.001938521
1543 0.001938521
1544 0.001938521
1545 0.001938521
1546 0.001938521
1547 0.001938521
1548 0.001938521
1549 0.001938521
1550 0.000830795
1551 0.000830795
1552 0.002215453
1553 0.002215453
1554 0.000276932
1555 0.000276932
1556 0.000276932
1557 0.000276932
1558 0.001107726
1559 0.001107726
1560 0.000969261
1561 0.001107726
1562 0.000969261
1563 0.000276932
1564 0.000276932
1565 0.075418325
1566 0.075418325
1567 0.001661590
1568 0.001938521
1569 0.001661590
1570 0.001938521
1571 0.001938521
1572 0.001938521
1573 0.001661590
1574 0.001661590
1575 0.000276932
1576 0.000276932
1577 0.000276932
1578 0.000276932
1579 0.000276932
1580 0.000276932
1581 0.000276932
1582 0.000276932
1583 0.000276932
1584 0.000276932
1585 0.000276932
1586 0.000276932
1587 0.000830795
1588 0.000830795
1589 0.001107726
1590 0.000553863
1591 0.000553863
1592 0.000553863
1593 0.006554048
1594 0.006554048
1595 0.006554048
1596 0.000830795
1597 0.000830795
1598 0.000830795
1599 0.000830795
1601 0.000276932
1602 0.000276932
1604 0.080709916
1605 0.071635351
1606 0.081125313
1607 0.071635351
1608 0.000276932
1609 0.000276932
1610 0.000415397
1611 0.059891693
1612 0.059891693
1613 0.000276932
1614 0.000276932
1615 0.071496885
1616 0.085111520
1617 0.085111520
1618 0.000276932
1619 0.000276932
1620 0.000276932
1621 0.000276932
1622 0.074357413
1623 0.074357413
1624 0.002215453
1625 0.002215453
1626 0.002215453
1627 0.002215453
1628 0.002215453
1629 0.002215453
1630 0.002215453
1631 0.002215453
1632 0.002215453
1633 0.000276932
1634 0.000276932
1635 0.002769316
1636 0.002769316
1637 0.000830795
1638 0.000830795
1639 0.000830795
1640 0.000830795
1641 0.001384658
1642 0.002215453
1643 0.001384658
1644 0.000276932
1645 0.000276932
1646 0.000276932
1647 0.000276932
1648 0.000692329
1649 0.000692329
1650 0.000692329
1651 0.000692329
1652 0.000553863
1653 0.000553863
1654 0.000553863
1655 0.000830795
1656 0.000969261
1657 0.000969261
1658 0.000830795
1659 0.001938521
1660 0.001938521
1661 0.001938521
1662 0.001938521
1663 0.001938521
1664 0.001938521
1665 0.001938521
1666 0.001938521
1667 0.000415397
1668 0.002076987
1669 0.003461645
1670 0.001984676
1671 0.002076987
1672 0.001892366
1673 0.002076987
1674 0.001892366
1675 0.002076987
1676 0.001892366
1677 0.001892366
1678 0.001892366
1679 0.001892366
1680 0.001892366
1681 0.001892366
1682 0.000276932
1683 0.000276932
1684 0.009138743
1685 0.009138743
1686 0.009138743
1687 0.009138743
1688 0.009138743
1689 0.009138743
1690 0.009138743
1691 0.009138743
1692 0.009138743
1693 0.009138743
1694 0.009138743
1695 0.009138743
1696 0.009138743
1697 0.009138743
1698 0.009138743
1699 0.009138743
1700 0.009138743
1701 0.009138743
1702 0.009138743
1703 0.009138743
1704 0.009138743
1705 0.009138743
1706 0.009138743
1707 0.009138743
1708 0.009138743
1709 0.009138743
1710 0.009138743
1711 0.009138743
1712 0.009138743
1713 0.009138743
1714 0.009138743
1715 0.009138743
1716 0.009138743
1717 0.009138743
1718 0.001384658
1719 0.001384658
1720 0.001384658
1721 0.001384658
1722 0.001384658
1723 0.001384658
1724 0.003600111
1725 0.003600111
1726 0.003600111
1727 0.003600111
1728 0.003600111
1729 0.003600111
1730 0.003600111
1731 0.003600111
1732 0.003600111
1733 0.003600111
1734 0.003600111
1735 0.003600111
1736 0.003600111
1737 0.003600111
1738 0.000276932
1739 0.000276932
1740 0.001384658
1741 0.001107726
1742 0.001246192
1743 0.001246192
1744 0.001107726
1745 0.001107726
1746 0.055897065
1747 0.086080781
1748 0.086080781
1749 0.086080781
1750 0.086080781
1751 0.086080781
1752 0.086080781
1753 0.085942315
1754 0.086080781
1755 0.055107810
1756 0.053076978
1757 0.064106658
1758 0.063409713
1759 0.072624942
1760 0.072624942
1761 0.072624942
1762 0.072624942
1763 0.072624942
1764 0.072624942
1765 0.072624942
1766 0.064845142
1767 0.064845142
1768 0.053773922
1769 0.053261599
1770 0.052592347
1771 0.054558562
1772 0.000553863
1773 0.000553863
1774 0.000553863
1775 0.085249986
1776 0.085249986
1777 0.085249986
1778 0.054000083
1779 0.053815462
1780 0.085942315
1781 0.001938521
1782 0.002076987
1783 0.002076987
1784 0.002492384
1785 0.002492384
1786 0.002492384
1787 0.001938521
1788 0.001938521
1789 0.001938521
1790 0.001938521
1791 0.001938521
1792 0.001938521
1793 0.001107726
1794 0.001107726
1795 0.001107726
1796 0.001107726
1797 0.001107726
1798 0.048620046
1799 0.053589301
1800 0.047304621
1801 0.047558475
1802 0.047558475
1803 0.053496991
1804 0.054143164
1805 0.046981534
1806 0.047327698
1807 0.000276932
1808 0.001938521
1809 0.001938521
1810 0.001800055
1811 0.053353909
1812 0.000276932
1813 0.036612911
1814 0.041284926
1815 0.036612911
1817 0.001800055
1819 0.000830795
1820 0.000692329
1821 0.000830795
1822 0.000692329
1823 0.000276932
1824 0.000276932
1825 0.085111520
1826 0.085111520
1827 0.056076889
1828 0.046954617
1829 0.046816151
1830 0.046816151
1831 0.005861719
1832 0.005861719
1833 0.046816151
1834 0.046816151
1835 0.074357413
1836 0.074357413
1837 0.000276932
1838 0.000276932
1839 0.003184713
1840 0.002769316
1841 0.091057197
1842 0.109446445
1843 0.091057197
1844 0.091057197
1845 0.091057197
1846 0.109446445
1847 0.078071413
1848 0.078071413
1849 0.078071413
1850 0.078071413
1851 0.077932947
1852 0.078071413
1853 0.078071413
1854 0.078071413
1855 0.078071413
1856 0.078071413
1857 0.078071413
1858 0.077932947
1859 0.077932947
1860 0.070246517
1861 0.000276932
1862 0.000276932
1863 0.000553863
1864 0.000553863
1865 0.000553863
1866 0.001661590
1867 0.001661590
1868 0.001246192
1869 0.001246192
1870 0.001384658
1871 0.001246192
1872 0.001246192
1873 0.055384560
1874 0.055384560
1875 0.055384560
1876 0.055384560
1877 0.055384560
1878 0.003323179
1879 0.003877042
1880 0.003738577
1881 0.003323179
1882 0.003323179
1883 0.003877042
1884 0.003323179
1885 0.003877042
1886 0.003877042
1887 0.003877042
1888 0.003738577
1889 0.003323179
1890 0.003323179
1891 0.003323179
1892 0.003323179
1893 0.004984769
1894 0.004984769
1895 0.004984769
1896 0.004984769
1897 0.004984769
1898 0.004984769
1899 0.004984769
1900 0.004984769
1901 0.004569371
1902 0.004984769
1903 0.004984769
1904 0.004984769
1905 0.004984769
1906 0.004984769
1907 0.004984769
1908 0.004984769
1909 0.004569371
1910 0.003184713
1911 0.003184713
1912 0.003184713
1913 0.003184713
1914 0.003184713
1915 0.002769316
1916 0.004569371
1917 0.002769316
1918 0.002769316
1919 0.002769316
1920 0.002769316
1921 0.002769316
1922 0.002769316
1923 0.002769316
1924 0.053353909
1925 0.053353909
1926 0.000276932
1927 0.000276932
1928 0.092854176
1929 0.092528451
1930 0.092528451
1931 0.092528451
1932 0.092389986
1933 0.092528451
1934 0.054184704
1935 0.092389986
1936 0.079673880
1937 0.080089277
1938 0.080089277
1939 0.079950812
1940 0.079950812
1941 0.079950812
1942 0.000276932
1943 0.000276932
1944 0.000276932
1945 0.000276932
1946 0.000553863
1947 0.000553863
1948 0.000553863
1949 0.000553863
1950 0.000415397
1951 0.001800055
1952 0.002215453
1953 0.001938521
1954 0.002215453
1955 0.001800055
1956 0.001938521
1957 0.001800055
1958 0.001800055
1959 0.001938521
1960 0.001107726
1961 0.001107726
1962 0.000969261
1963 0.001107726
1964 0.000276932
1965 0.000276932
1966 0.000553863
1967 0.000553863
1968 0.000553863
1969 0.001107726
1970 0.001107726
1971 0.000553863
1972 0.000553863
1973 0.000553863
1974 0.000692329
1975 0.000830795
1976 0.000830795
1977 0.000692329
1978 0.001384658
1979 0.001384658
1980 0.001384658
1981 0.001384658
1982 0.001384658
1983 0.001384658
1984 0.056460415
1985 0.056598881
1986 0.056598881
1987 0.056598881
1988 0.056598881
1989 0.056598881
1990 0.067945347
1991 0.056598881
1992 0.056598881
1993 0.056598881
1994 0.056598881
1995 0.056598881
1996 0.056598881
1997 0.056598881
1998 0.056598881
1999 0.073370170
2000 0.073647101
2001 0.073647101
2002 0.002630850
2003 0.002169298
2004 0.002169298
2005 0.002030832
2006 0.002169298
2007 0.002169298
2008 0.000553863
2009 0.000415397
2012 0.001800055
2013 0.001800055
2014 0.001523124
2015 0.001523124
2016 0.065054379
2017 0.065192845
2018 0.065192845
2019 0.065192845
2020 0.065469777
2021 0.065469777
2022 0.065469777
2023 0.065469777
2024 0.064362050
2025 0.064362050
2026 0.090535423
2027 0.090535423
2028 0.090535423
2029 0.090535423
2030 0.090535423
2031 0.093166273
2032 0.090535423
2033 0.093166273
2034 0.093166273
2035 0.090535423
2036 0.093166273
2037 0.091227752
2038 0.092058547
2039 0.091227752
2040 0.091227752
2041 0.092058547
2042 0.091089286
2043 0.091227752
2044 0.091227752
2045 0.091227752
2046 0.091227752
2047 0.091227752
2048 0.091227752
2049 0.051152959
2050 0.050737562
2051 0.062908471
2052 0.050460630
2053 0.050737562
2054 0.050737562
2055 0.050460630
2056 0.050460630
2057 0.050460630
2058 0.050460630
2059 0.051152959
2060 0.063046936
2061 0.080700721
2062 0.060277620
2063 0.061800744
2064 0.070315786
2065 0.060416086
2066 0.050460630
2067 0.050599096
2068 0.061939210
2069 0.050737562
2070 0.050460630
2071 0.050460630
2072 0.002192375
2073 0.002746238
2074 0.002746238
2075 0.002746238
2076 0.002746238
2077 0.002746238
2078 0.053853372
2079 0.053853372
2080 0.053853372
2081 0.053853372
2082 0.053853372
2083 0.053853372
2084 0.053853372
2085 0.053576441
2086 0.053853372
2087 0.053853372
2088 0.053853372
2089 0.053576441
2090 0.060228168
2091 0.053853372
2092 0.053853372
2093 0.053853372
2094 0.053853372
2095 0.053853372
2096 0.053853372
2097 0.053853372
2098 0.053853372
2099 0.053853372
2100 0.053853372
2101 0.053853372
2102 0.053853372
2103 0.053853372
2104 0.053853372
2105 0.053853372
2106 0.053853372
2107 0.053576441
2108 0.053853372
2109 0.053853372
2110 0.053853372
2111 0.053853372
2112 0.053853372
2113 0.053853372
2114 0.053853372
2115 0.053853372
2116 0.053853372
2117 0.053853372
2118 0.053853372
2119 0.053853372
2120 0.053853372
2121 0.053853372
2122 0.053853372
2123 0.053853372
2124 0.053853372
2125 0.053853372
2126 0.053576441
2127 0.053853372
2128 0.053299509
2129 0.053299509
2130 0.053299509
2131 0.053299509
2132 0.066945866
2133 0.086034625
2134 0.066945866
2135 0.086034625
2136 0.066945866
2137 0.066945866
2138 0.085480762
2139 0.000553863
2140 0.000553863
2141 0.000553863
2142 0.001107726
2143 0.001107726
2144 0.001107726
2145 0.001384658
2146 0.000969261
2147 0.000969261
2148 0.053849109
2149 0.001107726
2150 0.001107726
2151 0.000830795
2152 0.000830795
2153 0.000830795
2154 0.078531423
2155 0.068423420
2156 0.068423420
2157 0.068423420
2158 0.068423420
2159 0.000553863
2160 0.068931128
2161 0.068654197
2162 0.068423420
2163 0.068423420
2164 0.000276932
2165 0.000276932
2166 0.000276932
2167 0.000276932
2168 0.002215453
2169 0.002215453
2170 0.002215453
2171 0.002215453
2172 0.002215453
2173 0.002076987
2174 0.002076987
2175 0.068423420
2176 0.068423420
2177 0.000553863
2178 0.000830795
2179 0.002769316
2180 0.002907782
2181 0.004984769
2182 0.002769316
2183 0.000553863
2184 0.000553863
2185 0.068423420
2186 0.068423420
2187 0.070954491
2188 0.070954491
2189 0.000276932
2190 0.000276932
2191 0.068423420
2192 0.068423420
2193 0.002630850
2194 0.002630850
2195 0.068423420
2196 0.068423420
2197 0.068423420
2198 0.068423420
2199 0.068423420
2200 0.068423420
2201 0.068423420
2202 0.068423420
2203 0.068423420
2204 0.068423420
2205 0.068423420
2206 0.068423420
2207 0.068423420
2208 0.001800055
2209 0.068423420
2210 0.068423420
2211 0.068423420
2212 0.068423420
2213 0.068423420
2214 0.068423420
2215 0.001938521
2216 0.001938521
2217 0.068423420
2218 0.068423420
2219 0.068423420
2220 0.068423420
2221 0.068423420
2222 0.068423420
2223 0.075097146
2224 0.075097146
2225 0.075097146
2226 0.075097146
2227 0.068423420
2228 0.068423420
2229 0.068423420
2230 0.068423420
2231 0.075279859
2232 0.075279859
2233 0.068423420
2234 0.068423420
2235 0.058662186
2236 0.058662186
2237 0.068423420
2238 0.068423420
2239 0.074054363
2240 0.067408004
2241 0.001384658
2242 0.000830795
2243 0.001107726
2244 0.001107726
2245 0.000830795
2246 0.000830795
2247 0.000830795
2248 0.000830795
2249 0.000830795
2250 0.000830795
2251 0.067408004
2252 0.067408004
2253 0.067408004
2254 0.000415397
2255 0.067408004
2256 0.067408004
2257 0.093442765
2258 0.069433695
2259 0.093442765
2260 0.079225205
2261 0.093442765
2262 0.000276932
2263 0.000276932
2264 0.000830795
2265 0.000830795
2266 0.000692329
2267 0.001661590
2268 0.001661590
2269 0.001661590
2270 0.001661590
2271 0.001661590
2272 0.001661590
2273 0.001661590
2274 0.067408004
2275 0.067408004
2276 0.067408004
2277 0.056123647
2278 0.056123647
2279 0.056123647
2280 0.056123647
2281 0.056123647
2282 0.056123647
2283 0.070269631
2284 0.056123647
2285 0.056123647
2286 0.056123647
2287 0.056123647
2288 0.067408004
2289 0.067408004
2290 0.067408004
2291 0.067408004
2292 0.067408004
2293 0.000276932
2294 0.000276932
2295 0.002769316
2296 0.067408004
2297 0.002769316
2298 0.067408004
2299 0.067408004
2300 0.002769316
2301 0.002769316
2302 0.067408004
2303 0.067408004
2304 0.068423420
2305 0.067408004
2306 0.067408004
2307 0.002492384
2308 0.067408004
2309 0.067408004
2310 0.002492384
2311 0.067408004
2312 0.067408004
2313 0.002492384
2314 0.002492384
2315 0.067408004
2316 0.067408004
2317 0.002492384
2318 0.002492384
2319 0.002492384
2320 0.067408004
2321 0.001384658
2322 0.001384658
2323 0.001384658
2324 0.001384658
2325 0.001384658
2326 0.067408004
2327 0.000830795
2328 0.000830795
2329 0.067408004
2330 0.067408004
2331 0.000969261
2332 0.000969261
2333 0.001107726
2334 0.000969261
2335 0.005630942
2336 0.005630942
2337 0.005354011
2338 0.005630942
2339 0.005630942
2340 0.005630942
2341 0.005630942
2342 0.005630942
2343 0.005630942
2344 0.007615619
2345 0.005630942
2346 0.005630942
2347 0.005492477
2348 0.005492477
2349 0.000969261
2350 0.000553863
2351 0.000415397
2352 0.000415397
2353 0.000692329
2354 0.000276932
2355 0.000276932
2356 0.000276932
2357 0.000276932
2358 0.085273063
2359 0.082489311
2360 0.082489311
2361 0.082489311
2362 0.082489311
2363 0.000276932
2364 0.000276932
2365 0.001661590
2366 0.000969261
2367 0.000969261
2368 0.000969261
2369 0.000969261
2370 0.001661590
2371 0.001661590
2372 0.001661590
2373 0.001661590
2374 0.001661590
2375 0.001661590
2376 0.001661590
2377 0.000969261
2378 0.000969261
2379 0.000553863
2380 0.000415397
2381 0.000415397
2382 0.067408004
2383 0.067408004
2384 0.067408004
2385 0.067408004
2386 0.067408004
2387 0.067408004
2388 0.067408004
2389 0.067408004
2390 0.067408004
2391 0.062621577
2392 0.062621577
2393 0.062621577
2394 0.000553863
2395 0.000553863
2396 0.000553863
2397 0.001661590
2398 0.001200037
2399 0.000276932
2400 0.000276932
2401 0.001200037
2402 0.001107726
2403 0.001107726
2404 0.001107726
2405 0.001107726
2406 0.001107726
2407 0.000276932
2408 0.000276932
2409 0.000276932
2410 0.000276932
2411 0.000969261
2413 0.001107726
2414 0.000553863
2415 0.000553863
2416 0.000553863
2417 0.001107726
2418 0.001107726
2419 0.000830795
2420 0.000830795
2421 0.000830795
2422 0.000830795
2424 0.000969261
2425 0.001107726
2426 0.000830795
2427 0.000969261
2428 0.001107726
2429 0.001107726
2430 0.000830795
2431 0.000830795
2432 0.000830795
2433 0.002492384
2434 0.002907782
2435 0.003184713
2436 0.002353919
2437 0.002630850
2438 0.001938521
2439 0.003046248
2440 0.002353919
2441 0.002076987
2442 0.002353919
2443 0.002353919
2444 0.002630850
2445 0.002353919
2446 0.073663435
2447 0.075878888
2448 0.075878888
2449 0.073386504
2450 0.073524970
2451 0.073663435
2452 0.073386504
2453 0.073524970
2454 0.073386504
2455 0.001384658
2456 0.001661590
2457 0.001661590
2458 0.001661590
2459 0.001661590
2460 0.000415397
2461 0.000553863
2462 0.000415397
2463 0.001384658
2464 0.001384658
2465 0.000969261
2466 0.002769316
2467 0.001107726
2468 0.001107726
2469 0.001107726
2470 0.001107726
2471 0.001107726
2472 0.003461645
2473 0.002353919
2474 0.003461645
2475 0.003461645
2476 0.003461645
2477 0.002353919
2478 0.002353919
2479 0.002353919
2480 0.002353919
2481 0.002353919
2482 0.002353919
2483 0.002353919
2484 0.002353919
2485 0.002353919
2486 0.000553863
2487 0.000415397
2488 0.000415397
2489 0.003046248
2490 0.003046248
2491 0.003738577
2492 0.003461645
2493 0.003738577
2494 0.003461645
2495 0.003461645
2496 0.085111520
2497 0.085111520
2498 0.003046248
2499 0.003046248
2500 0.003046248
2501 0.003046248
2502 0.003046248
2503 0.003046248
2504 0.002492384
2505 0.002630850
2506 0.002492384
2507 0.002630850
2508 0.002630850
2509 0.002630850
2510 0.003461645
2511 0.003046248
2512 0.003046248
2513 0.003046248
2514 0.003046248
2515 0.000276932
2516 0.000276932
2517 0.003046248
2518 0.003046248
2519 0.000553863
2520 0.000553863
2521 0.002492384
2522 0.001800055
2523 0.001800055
2524 0.002492384
2525 0.001800055
2526 0.002076987
2527 0.002076987
2528 0.002492384
2529 0.002492384
2531 0.000553863
2532 0.000553863
2533 0.000553863
2534 0.000553863
2535 0.002492384
2536 0.002353919
2537 0.000969261
2538 0.000830795
2539 0.001661590
2540 0.002261608
2541 0.002400074
2542 0.000830795
2543 0.000830795
2544 0.000969261
2545 0.054889022
2546 0.065960231
2547 0.065960231
2548 0.003600111
2549 0.000276932
2550 0.000276932
2551 0.001384658
2552 0.000969261
2553 0.001384658
2554 0.000969261
2555 0.000969261
2556 0.000969261
2557 0.067546470
2558 0.067546470
2559 0.067408004
2560 0.065340432
2561 0.065201966
2562 0.067408004
2564 0.067546470
2565 0.067546470
2566 0.002861627
2567 0.000553863
2568 0.000553863
2569 0.000553863
2570 0.067408004
2571 0.067408004
2572 0.076910678
2573 0.076633747
2574 0.001753900
2575 0.001084649
2576 0.001476969
2577 0.001292347
2578 0.065821766
2579 0.054750556
2580 0.054889022
2581 0.054889022
2582 0.054750556
2583 0.054750556
2584 0.077040572
2585 0.077040572
2586 0.077040572
2587 0.076633747
2588 0.076633747
2589 0.067408004
2590 0.000276932
2591 0.000276932
2592 0.069671005
2593 0.069671005
2594 0.067066419
2595 0.067066419
2596 0.003046248
2597 0.003046248
2598 0.003046248
2599 0.003046248
2600 0.003046248
2601 0.003046248
2602 0.003046248
2603 0.003046248
2604 0.003046248
2605 0.003046248
2606 0.003046248
2607 0.003046248
2608 0.002400074
2609 0.000830795
2610 0.000830795
2611 0.000830795
2612 0.000830795
2613 0.001984676
2614 0.001661590
2615 0.001800055
2616 0.001661590
2617 0.001661590
2618 0.001661590
2619 0.001084649
2620 0.001523124
2621 0.001430813
2622 0.066784323
2623 0.085757694
2624 0.085480762
2625 0.000969261
2626 0.001015416
2627 0.085734616
2628 0.085734616
2629 0.085480762
2630 0.085342296
2631 0.066645857
2632 0.000276932
2633 0.000276932
2634 0.083005321
2635 0.066945866
2636 0.000276932
2637 0.000276932
2638 0.069809471
2639 0.069809471
2640 0.070086402
2641 0.002353919
2642 0.001592357
2643 0.001592357
2644 0.003461645
2645 0.002538540
2646 0.002376996
2647 0.002400074
2648 0.000830795
2649 0.000553863
2650 0.000276932
2651 0.000276932
2652 0.000830795
2653 0.000553863
2654 0.000553863
2655 0.000553863
2656 0.000276932
2657 0.000276932
2658 0.000692329
2659 0.000692329
2660 0.000830795
2661 0.000553863
2662 0.000276932
2663 0.000276932
2664 0.001661590
2665 0.001661590
2666 0.001661590
2667 0.001661590
2668 0.001661590
2669 0.001661590
2670 0.001661590
2671 0.000830795
2672 0.000830795
2673 0.000830795
2674 0.000830795
2675 0.000830795
2676 0.000692329
2677 0.000830795
2678 0.000692329
2679 0.000969261
2680 0.001107726
2681 0.000969261
2682 0.001800055
2683 0.002677005
2684 0.000969261
2685 0.000969261
2686 0.002538540
2687 0.085111520
2688 0.085111520
2689 0.002307763
2690 0.002169298
2691 0.001546201
2692 0.000553863
2693 0.000553863
2694 0.000553863
2695 0.000276932
2696 0.000276932
2697 0.000553863
2698 0.000415397
2699 0.002584695
2700 0.002169298
2701 0.002169298
2702 0.002169298
2703 0.001638512
2704 0.000553863
2705 0.000553863
2706 0.000553863
2707 0.000784640
2708 0.000276932
2709 0.000276932
2710 0.074213402
2711 0.059653883
2712 0.059653883
2713 0.000276932
2714 0.000276932
2715 0.076018343
2716 0.076295275
2717 0.076572206
2718 0.000415397
2719 0.075741411
2720 0.075741411
2721 0.000553863
2722 0.000415397
2723 0.002907782
2724 0.003046248
2725 0.003046248
2726 0.003092403
2727 0.003323179
2728 0.003046248
2729 0.002630850
2730 0.004707837
2731 0.004707837
2732 0.002630850
2733 0.002630850
2734 0.002630850
2735 0.002630850
2736 0.002630850
2737 0.002630850
2738 0.002630850
2739 0.002630850
2740 0.002630850
2741 0.002630850
2742 0.002630850
2743 0.002630850
2744 0.002630850
2745 0.002630850
2746 0.002630850
2747 0.003877042
2748 0.002353919
2749 0.002769316
2750 0.002353919
2751 0.002353919
2752 0.000553863
2753 0.000553863
2754 0.000553863
2755 0.002469307
2756 0.002746238
2757 0.003877042
2758 0.002469307
2759 0.001523124
2760 0.001523124
2761 0.002630850
2762 0.002907782
2763 0.002307763
2764 0.002353919
2765 0.003507800
2766 0.002284686
2767 0.002330841
2768 0.001716976
2769 0.001716976
2770 0.002469307
2771 0.002330841
2772 0.002330841
2773 0.002353919
2774 0.003092403
2775 0.003092403
2776 0.000553863
2777 0.000553863
2778 0.002215453
2779 0.002469307
2780 0.002469307
2781 0.002584695
2782 0.002815471
2783 0.002192375
2784 0.003138558
2785 0.002192375
2786 0.003046248
2787 0.002215453
2788 0.002330841
2789 0.002330841
2790 0.001523124
2791 0.001246192
2792 0.001246192
2793 0.002400074
2794 0.002630850
2795 0.002353919
2796 0.002307763
2797 0.002307763
2798 0.000830795
2799 0.000830795
2800 0.000692329
2801 0.000692329
2802 0.001061571
2803 0.001061571
2804 0.001656974
2805 0.000415397
2806 0.001107726
2807 0.000969261
2808 0.000969261
2809 0.000969261
2810 0.000969261
2811 0.002492384
2812 0.002353919
2813 0.002353919
2814 0.001107726
2815 0.001107726
2816 0.001107726
2817 0.000969261
2818 0.000969261
2819 0.000553863
2820 0.000553863
2821 0.000553863
2822 0.000276932
2823 0.000276932
2824 0.001246192
2825 0.001384658
2826 0.001107726
2827 0.001107726
2828 0.000969261
2829 0.074680500
2830 0.001800055
2831 0.072903562
2832 0.072903562
2833 0.072903562
2834 0.072903562
2835 0.072903562
2836 0.072903562
2837 0.072903562
2838 0.072903562
2839 0.072903562
2840 0.075741411
2841 0.075741411
2842 0.002076987
2843 0.002076987
2844 0.002076987
2845 0.005261700
2846 0.005261700
2847 0.005261700
2848 0.005261700
2849 0.005261700
2850 0.005815564
2851 0.005815564
2852 0.005123235
2853 0.005123235
2854 0.073798005
2855 0.073936471
2856 0.081681324
2857 0.100364077
2858 0.081681324
2859 0.000276932
2860 0.000276932
2861 0.000276932
2862 0.000276932
2863 0.061929997
2864 0.061929997
2865 0.061929997
2866 0.061929997
2867 0.061929997
2868 0.061929997
2869 0.061929997
2870 0.061929997
2871 0.061929997
2872 0.061929997
2873 0.061929997
2874 0.061929997
2875 0.061929997
2876 0.061929997
2877 0.001107726
2878 0.000969261
2879 0.000969261
2880 0.000553863
2881 0.000553863
2882 0.000553863
2883 0.000969261
2884 0.000969261
2885 0.001107726
2886 0.091834584
2887 0.091834584
2888 0.091834584
2889 0.073441950
2890 0.091834584
2891 0.091834584
2892 0.091834584
2893 0.091834584
2894 0.100373308
2895 0.072903562
2896 0.072903562
2897 0.072903562
2898 0.072903562
2899 0.072903562
2900 0.072903562
2901 0.072903562
2902 0.072903562
2903 0.072903562
2904 0.091696118
2905 0.091696118
2906 0.091696118
2907 0.069313691
2908 0.069313691
2909 0.091973050
2910 0.099957911
2911 0.091973050
2912 0.074734298
2913 0.100373308
2914 0.100373308
2915 0.100373308
2916 0.091973050
2917 0.093719697
2918 0.081542859
2919 0.091696118
2920 0.091696118
2921 0.091696118
2922 0.091696118
2923 0.091696118
2924 0.091696118
2925 0.100927171
2926 0.084857886
2927 0.084857886
2928 0.101204103
2929 0.084857886
2930 0.084857886
2931 0.084857886
2932 0.101204103
2933 0.096833199
2934 0.096833199
2935 0.096833199
2936 0.096694733
2937 0.096694733
2938 0.089902656
2939 0.095863939
2940 0.101204103
2941 0.088241067
2942 0.087410272
2943 0.093304299
2944 0.088794930
2945 0.094065861
2946 0.087964135
2947 0.093304299
2948 0.093304299
2949 0.070162948
2950 0.056979406
2951 0.056979406
2952 0.088794930
2953 0.087825669
2954 0.092888902
2955 0.092888902
2956 0.001107726
2957 0.001107726
2958 0.088241067
2959 0.088241067
2960 0.092611970
2961 0.092611970
2962 0.092196573
2963 0.002053909
2964 0.002053909
2965 0.001938521
2966 0.001938521
2967 0.001938521
2968 0.001938521
2969 0.001938521
2970 0.001938521
2971 0.001938521
2972 0.001938521
2973 0.002630850
2974 0.002630850
2975 0.002630850
2976 0.002630850
2977 0.002630850
2978 0.000553863
2979 0.000553863
2980 0.000553863
2981 0.001107726
2982 0.001107726
2983 0.001107726
2984 0.001107726
2985 0.001107726
2986 0.001107726
2987 0.079086739
2988 0.079086739
2989 0.079086739
2990 0.079086739
2991 0.079086739
2992 0.079086739
2993 0.079086739
2994 0.079086739
2995 0.001107726
2996 0.080688327
2997 0.080411395
2998 0.001107726
2999 0.080688327
3000 0.080688327
3001 0.080688327
3002 0.080688327
3003 0.001107726
3004 0.080549861
3005 0.077702081
3006 0.077702081
3007 0.000415397
3008 0.000830795
3009 0.000830795
3010 0.001384658
3011 0.001384658
3012 0.001384658
3013 0.001384658
3014 0.001384658
3015 0.001384658
3016 0.000553863
3017 0.000553863
3018 0.000553863
3019 0.001107726
3021 0.001476969
3022 0.001200037
3023 0.001200037
3024 0.001200037
3027 0.000276932
3028 0.000276932
3032 0.000276932
3033 0.000276932
3035 0.001523124
3036 0.001384658
3037 0.001384658
3038 0.001707745
3039 0.000992338
3040 0.000992338
3041 0.001061571
3042 0.000969261
3043 0.000830795
3044 0.000646174
3045 0.000830795
3046 0.000784640
3047 0.001061571
3048 0.001061571
3050 0.071231423
3051 0.071231423
3052 0.071231423
3053 0.071231423
3054 0.000276932
3055 0.000276932
3056 0.071231423
3057 0.071231423
3058 0.075031759
3059 0.075031759
3060 0.075031759
3061 0.001015416
3062 0.000553863
3063 0.000553863
3064 0.000553863
3067 0.000553863
3068 0.000415397
3069 0.066390135
3070 0.066805532
3071 0.000553863
3072 0.000553863
3073 0.000553863
3074 0.000276932
3075 0.000276932
3076 0.000415397
3077 0.001384658
3078 0.000276932
3079 0.000553863
3080 0.000830795
3081 0.000969261
3082 0.001107726
3083 0.000692329
3084 0.000830795
3085 0.000830795
3086 0.000830795
3087 0.000830795
3088 0.000553863
3089 0.000830795
3090 0.000553863
3091 0.001523124
3092 0.076224064
3093 0.065192845
3094 0.065192845
3095 0.064638982
3096 0.065054379
3097 0.064777448
3098 0.065054379
3099 0.000830795
3100 0.000553863
3101 0.064638982
3102 0.064777448
3103 0.000276932
3104 0.000276932
3105 0.064500516
3106 0.064500516
3107 0.004569371
3108 0.004569371
3109 0.004569371
3110 0.004569371
3111 0.004569371
3112 0.004569371
3113 0.004569371
3114 0.004569371
3115 0.004569371
3116 0.004569371
3117 0.004569371
3118 0.004569371
3119 0.004569371
3120 0.004569371
3121 0.004569371
3122 0.069208060
3123 0.069208060
3124 0.069208060
3125 0.067684936
3126 0.077179038
3127 0.077179038
3128 0.077179038
3129 0.067684936
3130 0.067684936
3131 0.067684936
3132 0.067684936
3133 0.067684936
3134 0.067684936
3135 0.067684936
3136 0.067684936
3137 0.067684936
3138 0.067684936
3139 0.001800055
3140 0.000276932
3141 0.000276932
3142 0.068423420
3143 0.085480762
3144 0.067684936
3145 0.061184040
3146 0.061184040
3147 0.061184040
3148 0.061184040
3149 0.061184040
3150 0.057187104
3151 0.057187104
3152 0.048599953
3153 0.070209103
3154 0.000276932
3155 0.000276932
3156 0.050599096
3157 0.050460630
3158 0.050460630
3159 0.050460630
3160 0.050460630
3161 0.064638982
3162 0.068423420
3163 0.001938521
3164 0.001800055
3165 0.001523124
3166 0.001800055
3167 0.069947936
3168 0.069947936
3169 0.069947936
3170 0.069947936
3171 0.068423420
3172 0.000553863
3173 0.000553863
3174 0.000553863
3175 0.001384658
3176 0.001246192
3177 0.001523124
3178 0.001661590
3179 0.001523124
3180 0.001384658
3181 0.001107726
3182 0.001523124
3183 0.000553863
3184 0.000553863
3185 0.000553863
3186 0.007107911
3187 0.007107911
3188 0.007107911
3189 0.007107911
3190 0.007107911
3191 0.007107911
3192 0.007107911
3193 0.007107911
3194 0.000969261
3195 0.000969261
3196 0.000969261
3197 0.068423420
3198 0.065054379
3199 0.001384658
3200 0.001384658
3201 0.001384658
3202 0.001384658
3203 0.001384658
3204 0.001384658
3205 0.000276932
3206 0.000276932
3207 0.001661590
3208 0.001661590
3209 0.001661590
3210 0.001661590
3211 0.001661590
3212 0.001938521
3213 0.000415397
3214 0.086819265
3215 0.086819265
3216 0.086819265
3217 0.086819265
3218 0.086819265
3219 0.086819265
3220 0.090535423
3221 0.091089286
3222 0.000276932
3223 0.000276932
3224 0.072062217
3225 0.072062217
3226 0.072062217
3227 0.072062217
3228 0.072062217
3229 0.072062217
3230 0.072062217
3231 0.074958680
3232 0.074820214
3233 0.074820214
3234 0.089953647
3235 0.089735418
3236 0.001246192
3237 0.067684936
3238 0.067684936
3239 0.067684936
3240 0.067684936
3241 0.067684936
3242 0.066251669
3243 0.004015508
3244 0.004707837
3245 0.005261700
3246 0.004707837
3247 0.005261700
3248 0.005261700
3249 0.004707837
3250 0.004707837
3251 0.004707837
3252 0.004707837
3253 0.004015508
3254 0.000553863
3255 0.001107726
3256 0.000969261
3257 0.000969261
3258 0.000969261
3259 0.000969261
3260 0.068423420
3261 0.000553863
3262 0.000415397
3263 0.004015508
3264 0.004153974
3265 0.001384658
3266 0.001384658
3267 0.001384658
3268 0.001384658
3269 0.001384658
3270 0.001384658
3271 0.003600111
3272 0.004569371
3273 0.003600111
3274 0.003600111
3275 0.003600111
3276 0.004015508
3277 0.004015508
3278 0.001661590
3279 0.001661590
3280 0.001661590
3281 0.001661590
3282 0.001661590
3283 0.001661590
3284 0.001661590
3285 0.045914666
3286 0.054274139
3287 0.045914666
3288 0.045914666
3289 0.045914666
3290 0.045914666
3291 0.045914666
3292 0.045914666
3293 0.045914666
3294 0.045914666
3295 0.045914666
3296 0.004569371
3297 0.052889481
3298 0.073924033
3299 0.000553863
3300 0.000553863
3301 0.000553863
3302 0.046575368
3303 0.002076987
3304 0.003046248
3305 0.056460415
3306 0.068423420
3307 0.002492384
3308 0.002492384
3309 0.002353919
3310 0.002492384
3311 0.002492384
3312 0.002353919
3313 0.002353919
3314 0.068423420
3315 0.000276932
3316 0.000276932
3317 0.000276932
3318 0.000276932
3319 0.000553863
3320 0.064245583
3321 0.075860796
3322 0.000553863
3323 0.000553863
3324 0.000553863
3325 0.081173617
3326 0.081173617
3327 0.081173617
3328 0.081173617
3329 0.081173617
3330 0.081173617
3331 0.081173617
3332 0.081173617
3333 0.081173617
3334 0.081173617
3335 0.081173617
3336 0.081173617
3337 0.081173617
3338 0.081173617
3339 0.081173617
3340 0.081173617
3341 0.081173617
3342 0.081173617
3343 0.081173617
3344 0.081173617
3345 0.081173617
3346 0.081173617
3347 0.081173617
3348 0.081173617
3349 0.068423420
3350 0.065478898
3351 0.065478898
3352 0.001800055
3353 0.068423420
3354 0.001800055
3355 0.001495431
3356 0.002270839
3357 0.076111313
3358 0.000853872
3359 0.001495431
3360 0.000276932
3361 0.000276932
3362 0.001495431
3363 0.003600111
3364 0.003600111
3365 0.003600111
3366 0.003600111
3367 0.003600111
3368 0.003600111
3369 0.003600111
3370 0.003600111
3371 0.003600111
3372 0.003600111
3373 0.003600111
3374 0.003600111
3375 0.003600111
3376 0.003600111
3377 0.076111313
3378 0.000276932
3379 0.000276932
3380 0.068423420
3381 0.084442488
3382 0.084442488
3383 0.001107726
3384 0.001107726
3385 0.001107726
3386 0.001107726
3387 0.001107726
3388 0.000646174
3389 0.001800055
3390 0.001800055
3391 0.053618333
3392 0.068423420
3393 0.068423420
3394 0.002492384
3395 0.002492384
3396 0.001107726
3397 0.001107726
3398 0.001107726
3399 0.001107726
3400 0.001107726
3401 0.002353919
3402 0.002353919
3403 0.002353919
3404 0.000276932
3405 0.000276932
3406 0.000415397
3407 0.001107726
3408 0.001107726
3409 0.001107726
3410 0.001107726
3411 0.001107726
3412 0.060000689
3413 0.000553863
3414 0.000415397
3415 0.069809471
3416 0.069809471
3417 0.000276932
3418 0.000276932
3419 0.000415397
3420 0.000276932
3421 0.000276932
3422 0.000553863
3423 0.000553863
3424 0.000553863
3425 0.001661590
3426 0.001661590
3427 0.001661590
3428 0.001661590
3429 0.001661590
3430 0.001661590
3431 0.001661590
3432 0.069886016
3433 0.069886016
3434 0.000830795
3435 0.000830795
3436 0.000830795
3437 0.000830795
3438 0.068423420
3439 0.000276932
3440 0.000276932
3441 0.000276932
3442 0.000276932
3443 0.059590805
3444 0.059729270
3445 0.059590805
3446 0.000415397
3447 0.000553863
3448 0.000415397
3449 0.000415397
3450 0.068423420
3451 0.001384658
3452 0.001384658
3453 0.001384658
3454 0.001384658
3455 0.001384658
3456 0.001384658
3457 0.000830795
3458 0.001384658
3459 0.085826927
3460 0.086057703
3461 0.086057703
3462 0.086057703
3463 0.000276932
3464 0.000276932
3465 0.085803849
3466 0.085803849
3467 0.085803849
3468 0.085803849
3469 0.067005868
3470 0.067005868
3471 0.055403972
3472 0.073765037
3473 0.073765037
3474 0.073765037
3475 0.001246192
3476 0.001246192
3477 0.001246192
3478 0.001246192
3479 0.001107726
3480 0.001384658
3481 0.001384658
3482 0.001384658
3483 0.001107726
3484 0.001107726
3485 0.000553863
3486 0.000553863
3487 0.000553863
3488 0.065201966
3489 0.073057373
3490 0.073057373
3491 0.073057373
3492 0.002769316
3493 0.001661590
3494 0.001661590
3495 0.001246192
3496 0.001246192
3497 0.001800055
3498 0.001661590
3499 0.068423420
3500 0.001661590
3501 0.002076987
3502 0.001938521
3503 0.002076987
3504 0.002076987
3505 0.001938521
3506 0.067684936
3507 0.067684936
3508 0.067823402
3509 0.067823402
3510 0.067684936
3511 0.068423420
3512 0.067684936
3513 0.067684936
3514 0.067684936
3515 0.067684936
3516 0.067684936
3517 0.067684936
3518 0.067684936
3519 0.000553863
3520 0.000553863
3521 0.000553863
3522 0.075418325
3523 0.075279859
3524 0.075279859
3525 0.067684936
3526 0.067684936
3527 0.000830795
3528 0.000830795
3529 0.000830795
3530 0.000830795
3531 0.070954491
3532 0.070954491
3533 0.000415397
3534 0.000553863
3535 0.000553863
3536 0.000553863
3537 0.072537617
3538 0.071369888
3539 0.071231423
3540 0.071369888
3541 0.071231423
3542 0.054508212
3543 0.054508212
3544 0.071092957
3545 0.000276932
3546 0.000276932
3547 0.000969261
3548 0.000553863
3549 0.000553863
3550 0.000553863
3551 0.000969261
3552 0.002076987
3553 0.002076987
3554 0.002076987
3555 0.066251669
3556 0.002215453
3557 0.002215453
3558 0.000276932
3559 0.000276932
3560 0.000276932
3561 0.000276932
3562 0.002076987
3563 0.067204885
3564 0.067204885
3565 0.000969261
3566 0.002030832
3567 0.002076987
3568 0.068423420
3569 0.003738577
3570 0.003738577
3571 0.003738577
3572 0.003738577
3573 0.003738577
3574 0.003738577
3575 0.003738577
3576 0.003738577
3577 0.003415490
3578 0.003415490
3579 0.003415490
3580 0.000969261
3581 0.000969261
3582 0.001384658
3583 0.001384658
3584 0.085111520
3585 0.085111520
3586 0.000276932
3587 0.000276932
3588 0.066390135
3589 0.066667066
3590 0.066390135
3591 0.066390135
3592 0.001384658
3593 0.001384658
3594 0.001384658
3595 0.001384658
3596 0.001384658
3597 0.001384658
3598 0.000276932
3599 0.000276932
3600 0.000553863
3601 0.000553863
3602 0.000553863
3603 0.000553863
3604 0.000830795
3606 0.061070081
3607 0.051389442
3608 0.044369207
3609 0.000276932
3610 0.000276932
3611 0.066251669
3612 0.066251669
3614 0.000553863
3615 0.000553863
3618 0.000692329
3619 0.000830795
3620 0.000553863
3621 0.000553863
3622 0.000553863
3626 0.002076987
3628 0.000553863
3629 0.000553863
3630 0.000692329
3631 0.000830795
3632 0.000830795
3633 0.000969261
3634 0.000969261
3635 0.000830795
3636 0.000830795
3637 0.006923290
3638 0.006923290
3639 0.006923290
3640 0.006923290
3641 0.006923290
3642 0.006923290
3643 0.006923290
3644 0.006923290
3645 0.006923290
3646 0.006923290
3647 0.006923290
3648 0.006923290
3649 0.006923290
3650 0.006923290
3651 0.006923290
3652 0.006923290
3653 0.006923290
3654 0.006923290
3655 0.006923290
3656 0.006923290
3657 0.006923290
3658 0.006923290
3659 0.006923290
3660 0.006923290
3661 0.006923290
3662 0.006923290
3663 0.000415397
3664 0.000553863
3665 0.000415397
3666 0.001246192
3667 0.001246192
3668 0.000276932
3669 0.000276932
3670 0.000276932
3671 0.000276932
3672 0.001107726
3673 0.000553863
3674 0.000553863
3675 0.000553863
3676 0.000553863
3677 0.000553863
3678 0.000553863
3679 0.000276932
3680 0.000276932
3681 0.000553863
3682 0.000553863
3683 0.000553863
3684 0.000553863
3685 0.000553863
3686 0.000553863
3687 0.000415397
3688 0.000553863
3689 0.000415397
3690 0.068423420
3691 0.068423420
3692 0.068423420
