1045792 0.063841000

0 0.000530748
1 0.000399521
2 0.000267510
1361 0.000154312
2707 0.000154312
17 0.000154726
3 0.000158742
4 0.001064279
5 0.000209791
1755 0.000514556
21 0.000386343
22 0.000318949
23 0.000310414
243 0.000296270
244 0.000361749
282 0.000249681
383 0.000143810
575 0.000248417
1746 0.000612482
1757 0.000562365
1766 0.000739294
1767 0.000738149
1768 0.000144395
1771 0.000278314
1798 0.000400234
1799 0.000110736
1800 0.000161314
1801 0.000154272
1802 0.000154272
1803 0.000111516
1804 0.000184700
1805 0.000077714
1806 0.000117824
1756 0.000119183
6 0.000289161
7 0.000262768
8 0.000257080
2073 0.000262768
2074 0.000262768
2075 0.000262768
2076 0.000262768
2077 0.000262768
3569 0.000291888
3570 0.000291888
3571 0.000291888
3572 0.000291888
3573 0.000291888
3574 0.000291888
3575 0.000291888
3576 0.000291888
10 0.001227709
11 0.004036748
12 0.001821316
13 0.000223980
14 0.000223980
24 0.000224182
25 0.000184065
26 0.000224182
27 0.000224182
28 0.000184065
194 0.000297898
462 0.000987914
838 0.000165476
839 0.000165476
840 0.000165476
1759 0.000256909
1760 0.000256909
1761 0.000256909
1762 0.000256909
1763 0.000256909
1764 0.000256909
1765 0.000256909
2446 0.000251359
2447 0.000511321
2448 0.000511321
2449 0.000201643
2450 0.000226886
2451 0.000251359
2452 0.000201643
2453 0.000226886
2454 0.000201643
2715 0.000242782
2716 0.000284871
2717 0.000358001
2719 0.000170235
2720 0.000170235
2840 0.000170432
2841 0.000170432
49 0.001010659
53 0.000184675
58 0.000184675
59 0.000184675
60 0.000184675
177 0.002218659
178 0.000480071
252 0.000159324
261 0.000254349
408 0.000345228
409 0.000311614
410 0.000276945
441 0.000226714
442 0.000168373
443 0.000644623
444 0.000198609
445 0.000168373
446 0.000168373
447 0.000355861
482 0.000483439
483 0.000743401
578 0.000547161
611 0.000446203
613 0.000446203
664 0.000276945
665 0.000276945
666 0.000311614
699 0.000184675
700 0.000184675
701 0.000184675
702 0.000184675
760 0.000182992
761 0.000182992
762 0.000182992
763 0.000182992
830 0.000460884
831 0.000229916
832 0.000229916
833 0.000297165
1216 0.000199956
1217 0.000467296
1218 0.000467296
1219 0.000467296
1220 0.000341313
1447 0.000752926
1483 0.000249943
1485 0.000249943
1486 0.000249943
1616 0.000116426
1617 0.000116426
1747 0.000277177
1748 0.000277177
1749 0.000277177
1750 0.000277177
1751 0.000277177
1752 0.000277177
1753 0.000250190
1754 0.000277177
1775 0.000154488
1776 0.000154488
1777 0.000154488
1780 0.000250190
1825 0.000116426
1826 0.000116426
1928 0.000199956
1929 0.000245045
1930 0.000245045
1931 0.000245045
1932 0.000223632
1933 0.000245045
1935 0.000223632
2026 0.000296473
2027 0.000296473
2028 0.000296473
2029 0.000296473
2030 0.000296473
2031 0.000616410
2032 0.000296473
2033 0.000616410
2034 0.000616410
2035 0.000296473
2036 0.000616410
2037 0.000367032
2038 0.000472231
2039 0.000367032
2040 0.000367032
2041 0.000472231
2042 0.000350363
2043 0.000367032
2044 0.000367032
2045 0.000367032
2046 0.000367032
2047 0.000367032
2048 0.000367032
2133 0.000419543
2135 0.000419543
2138 0.000168834
2358 0.000112086
2496 0.000116426
2497 0.000116426
2623 0.000333162
2624 0.000214676
2627 0.000194856
2628 0.000194856
2629 0.000204409
2630 0.000157580
2687 0.000116426
2688 0.000116426
3143 0.000157996
3214 0.000267224
3215 0.000267224
3216 0.000267224
3217 0.000267224
3218 0.000267224
3219 0.000267224
3220 0.000296473
3221 0.000350363
3234 0.000087166
3459 0.000276128
3460 0.000289013
3461 0.000289013
3462 0.000289013
3465 0.000250219
3466 0.000250219
3467 0.000250219
3468 0.000250219
3584 0.000116426
3585 0.000116426
48 0.000121316
69 0.000345655
319 0.001502330
515 0.000263233
516 0.000196967
554 0.000211770
573 0.000143075
574 0.000143075
586 0.001417326
896 0.000143075
897 0.000143075
1189 0.000143075
1190 0.000143075
1499 0.000143075
1500 0.000143075
1565 0.000189850
1566 0.000189850
2231 0.000143075
2232 0.000143075
2359 0.000176495
2360 0.000176495
2361 0.000176495
2362 0.000176495
3522 0.000189850
3523 0.000143075
3524 0.000143075
16 0.000117682
18 0.000192041
19 0.000531296
80 0.000192041
81 0.000192041
1758 0.000477206
1811 0.000179054
269 0.000079221
29 0.000213245
30 0.000404075
33 0.000213245
31 0.000276855
32 0.000276855
34 0.000127555
35 0.000404834
792 0.000298004
793 0.000298004
794 0.000404773
36 0.000412849
37 0.001013341
281 0.000158518
710 0.000303435
50 0.000259646
2072 0.000259646
3139 0.000149180
3352 0.000149180
3354 0.000149180
3389 0.000149180
3390 0.000149180
40 0.000276855
41 0.000276855
42 0.000298350
43 0.000298350
44 0.000350180
45 0.000459459
51 0.000298350
52 0.000294015
210 0.000298350
216 0.000097320
219 0.000097320
46 0.000276855
47 0.000276855
2592 0.000140133
2593 0.000140133
2638 0.000179913
2639 0.000179913
2640 0.000284478
3167 0.000222280
3168 0.000222280
3169 0.000222280
3170 0.000222280
3415 0.000179913
3416 0.000179913
3356 0.000649889
54 0.000276855
55 0.000276855
56 0.000276855
57 0.000276855
61 0.000276855
63 0.000631110
64 0.000631110
65 0.000175639
2241 0.000175639
2321 0.000175639
2322 0.000175639
2323 0.000175639
2324 0.000175639
2325 0.000175639
66 0.000276855
67 0.000276855
68 0.000276855
70 0.000100290
517 0.000156227
71 0.000531296
72 0.000192041
79 0.000192041
119 0.000192041
73 0.000276855
74 0.000276855
75 0.000276855
76 0.001620377
77 0.000486640
78 0.000486640
120 0.000122547
2295 0.000260428
2297 0.000260428
2300 0.000260428
2301 0.000260428
2307 0.000122547
2310 0.000122547
2313 0.000122547
2314 0.000122547
2317 0.000122547
2318 0.000122547
2319 0.000122547
2433 0.000122547
2528 0.000122547
2529 0.000122547
82 0.000269595
83 0.000315826
84 0.000269595
85 0.000269595
86 0.000269595
87 0.000269595
88 0.000371965
89 0.000125439
90 0.000550864
95 0.000125439
224 0.000163867
225 0.000163867
2148 0.000125439
324 0.001191286
2016 0.000258744
2017 0.000283519
2018 0.000283519
2019 0.000283519
2020 0.000335121
2021 0.000335121
2022 0.000335121
2023 0.000335121
3198 0.000258744
3391 0.000072744
91 0.000573833
92 0.000338921
1655 0.000139080
1656 0.000235108
1657 0.000235108
1658 0.000139080
93 0.000505360
94 0.000223937
96 0.000285765
97 0.000347667
106 0.000285398
110 0.000102893
3077 0.000163212
3091 0.000222644
105 0.000354818
98 0.000192041
99 0.000531296
100 0.000192041
101 0.000192041
102 0.000384638
103 0.000204999
104 0.000384638
170 0.000204999
171 0.000204999
107 0.000192041
108 0.000531296
145 0.000192041
146 0.000192041
109 0.000276855
3078 0.000276855
111 0.000404075
112 0.000213245
172 0.000213245
113 0.000304379
114 0.000304379
115 0.000235570
116 0.000304379
3081 0.000235570
117 0.000276855
118 0.000276855
122 0.000181440
123 0.000658516
124 0.000181440
125 0.000181440
126 0.000181440
127 0.000534521
128 0.000269763
129 0.000155114
130 0.000155114
131 0.000269763
132 0.000529950
246 0.000336877
518 0.000131614
3022 0.000220448
3023 0.000220448
3024 0.000220448
133 0.000276855
134 0.000276855
135 0.000890674
136 0.000174051
239 0.007104119
240 0.000858746
392 0.000858746
3235 0.000418641
3237 0.000174051
3238 0.000174051
3239 0.000174051
3240 0.000174051
3241 0.000174051
3506 0.000174051
3507 0.000174051
3508 0.000209701
3509 0.000209701
3510 0.000174051
3512 0.000174051
3513 0.000174051
3514 0.000174051
3515 0.000174051
3516 0.000174051
3517 0.000174051
3518 0.000174051
3525 0.000174051
3526 0.000174051
137 0.000276855
138 0.000276855
139 0.000276855
140 0.000276855
141 0.000276855
142 0.000276855
143 0.000276855
144 0.000276855
147 0.000276855
148 0.000276855
149 0.000276855
150 0.000276855
151 0.000276855
152 0.000276855
153 0.000276855
154 0.000276855
155 0.000276855
156 0.000276855
157 0.000276855
158 0.000276855
159 0.000276855
160 0.000413094
161 0.000111754
3019 0.000247869
3666 0.000320271
3667 0.000320271
3672 0.000247869
162 0.000276855
163 0.000276855
164 0.000404075
165 0.000213245
167 0.000213245
168 0.000213245
169 0.000213245
166 0.000404075
173 0.000276855
174 0.000276855
175 0.000213245
176 0.000404075
188 0.000213245
179 0.000170347
180 0.000131837
185 0.000415325
186 0.000201298
187 0.000223283
228 0.000293162
229 0.000293162
230 0.000293162
231 0.000293162
232 0.000293162
233 0.000293162
234 0.000293162
235 0.000293162
236 0.000293162
237 0.000271906
238 0.000293162
276 0.000108610
277 0.000156568
299 0.000627262
378 0.000108610
379 0.000271906
426 0.000322551
427 0.000322551
428 0.000322551
429 0.000322551
430 0.000322551
431 0.000322551
432 0.000322551
433 0.000300999
434 0.000322551
435 0.000300999
547 0.000111738
548 0.000111738
1484 0.000155300
1508 0.000287233
1509 0.000157785
1510 0.000157785
1521 0.000156568
1522 0.000108610
1523 0.000108610
1622 0.000111738
1623 0.000111738
1835 0.000111738
1836 0.000111738
2829 0.000155300
3092 0.000131837
3357 0.000300999
3377 0.000300999
181 0.000276855
182 0.000276855
183 0.000276855
184 0.000276855
327 0.000487529
1604 0.000306105
1605 0.000200361
1606 0.000392430
1607 0.000200361
1615 0.000178577
2584 0.000170354
2585 0.000170354
2586 0.000170354
3126 0.000187139
3127 0.000187139
3128 0.000187139
189 0.000122776
190 0.000382344
2790 0.000457847
2791 0.000279922
2792 0.000279922
193 0.000303423
195 0.000148208
386 0.000184358
387 0.000184358
196 0.000276855
197 0.000276855
198 0.000367867
199 0.000367867
200 0.000180500
201 0.000367867
202 0.000367867
2208 0.000180500
2830 0.000180500
2842 0.000251861
2843 0.000251861
2844 0.000251861
203 0.000276855
204 0.000276855
206 0.000499774
207 0.000071872
208 0.000154065
213 0.000104358
215 0.000071872
460 0.000214905
466 0.000317400
467 0.000154065
703 0.000214905
704 0.000214905
705 0.000610233
706 0.000214905
707 0.000214905
708 0.000214905
709 0.000214905
212 0.000152875
420 0.000109877
421 0.000805238
221 0.000276855
222 0.000276855
223 0.000276855
226 0.000332335
227 0.000349265
251 0.000332335
255 0.000229852
258 0.000140487
2061 0.003370442
2064 0.000333042
2154 0.003073498
2155 0.000150687
2156 0.000150687
2157 0.000150687
2158 0.000150687
2160 0.000320981
2161 0.000196160
2162 0.000150687
2163 0.000150687
2175 0.000150687
2176 0.000150687
2185 0.000150687
2186 0.000150687
2191 0.000150687
2192 0.000150687
2195 0.000150687
2196 0.000150687
2197 0.000150687
2198 0.000150687
2199 0.000150687
2200 0.000150687
2201 0.000150687
2202 0.000150687
2203 0.000150687
2204 0.000150687
2205 0.000150687
2206 0.000150687
2207 0.000150687
2209 0.000150687
2210 0.000150687
2211 0.000150687
2212 0.000150687
2213 0.000150687
2214 0.000150687
2217 0.000150687
2218 0.000150687
2219 0.000150687
2220 0.000150687
2221 0.000150687
2222 0.000150687
2227 0.000150687
2228 0.000150687
2229 0.000150687
2230 0.000150687
2233 0.000150687
2234 0.000150687
2237 0.000150687
2238 0.000150687
2239 0.002647498
2240 0.000124042
2251 0.000124042
2252 0.000124042
2253 0.000124042
2255 0.000124042
2256 0.000124042
2274 0.000124042
2275 0.000124042
2276 0.000124042
2283 0.000394099
2288 0.000124042
2289 0.000124042
2290 0.000124042
2291 0.000124042
2292 0.000124042
2296 0.000124042
2298 0.000124042
2299 0.000124042
2302 0.000124042
2303 0.000124042
2304 0.000150687
2305 0.000124042
2306 0.000124042
2308 0.000124042
2309 0.000124042
2311 0.000124042
2312 0.000124042
2315 0.000124042
2316 0.000124042
2320 0.000124042
2326 0.000124042
2329 0.000124042
2330 0.000124042
2382 0.000124042
2383 0.000124042
2384 0.000124042
2385 0.000124042
2386 0.000124042
2387 0.000124042
2388 0.000124042
2389 0.000124042
2390 0.000124042
2557 0.000173082
2558 0.000173082
2559 0.000124042
2562 0.000124042
2564 0.000173082
2565 0.000173082
2570 0.000124042
2571 0.000124042
2589 0.000124042
3122 0.000619138
3123 0.000619138
3124 0.000619138
3125 0.000184288
3129 0.000184288
3130 0.000184288
3131 0.000184288
3132 0.000184288
3133 0.000184288
3134 0.000184288
3135 0.000184288
3136 0.000184288
3137 0.000184288
3138 0.000184288
3142 0.000150687
3144 0.000184288
3162 0.000150687
3171 0.000150687
3197 0.000150687
3260 0.000150687
3306 0.000150687
3314 0.000150687
3349 0.000150687
3353 0.000150687
3380 0.000150687
3392 0.000150687
3393 0.000150687
3438 0.000150687
3450 0.000150687
3499 0.000150687
3511 0.000150687
3568 0.000150687
3690 0.000150687
3691 0.000150687
3692 0.000150687
241 0.000276855
242 0.000276855
245 0.000111669
247 0.000136983
3021 0.000418072
248 0.000442752
249 0.000103685
250 0.000149467
382 0.000103685
2863 0.000315326
2864 0.000315326
2865 0.000315326
2866 0.000315326
2867 0.000315326
2868 0.000315326
2869 0.000315326
2870 0.000315326
2871 0.000315326
2872 0.000315326
2873 0.000315326
2874 0.000315326
2875 0.000315326
2876 0.000315326
253 0.000404075
254 0.000213245
293 0.000213245
256 0.000276855
257 0.000276855
259 0.000200493
260 0.000841664
283 0.000373995
275 0.000284542
280 0.000395527
388 0.000207883
389 0.000207883
394 0.000207883
395 0.000121019
403 0.000121019
262 0.000197190
263 0.000284505
270 0.000395121
271 0.000284505
272 0.000284505
273 0.000528354
274 0.000284505
264 0.000276855
265 0.000276855
266 0.000341021
267 0.000157476
268 0.000341021
825 0.000273870
826 0.000273870
827 0.000273870
278 0.000194522
279 0.000194522
2759 0.000159006
2760 0.000159006
425 0.000205052
1022 0.000125578
284 0.000276855
285 0.000276855
286 0.000291948
287 0.000227492
288 0.000873684
289 0.000291948
2541 0.000291948
2608 0.000291948
2540 0.000227492
2689 0.000285971
2690 0.000184439
2699 0.000423587
2700 0.000175424
2701 0.000175424
2702 0.000175424
290 0.000204999
291 0.000384638
292 0.000384638
380 0.000204999
381 0.000204999
295 0.000276855
296 0.000276855
297 0.000276855
298 0.000276855
300 0.000154425
301 0.000154425
302 0.000154425
3145 0.000209117
3146 0.000209117
3147 0.000209117
3148 0.000209117
3149 0.000209117
303 0.000570244
304 0.000217687
305 0.000217687
306 0.000217687
307 0.000217687
308 0.000217687
309 0.000217687
310 0.000217687
311 0.000217687
312 0.000217687
313 0.000217687
314 0.000217687
328 0.000316601
329 0.000316601
330 0.000316601
331 0.000316601
332 0.000472377
333 0.000316601
334 0.000316601
335 0.000316601
336 0.000316601
337 0.000316601
338 0.000316601
339 0.000316601
340 0.000316601
341 0.000316601
342 0.000316601
343 0.000316601
344 0.000316601
345 0.000316601
346 0.000316601
347 0.000316601
348 0.000316601
349 0.000316601
350 0.000316601
351 0.000316601
352 0.000316601
353 0.000316601
354 0.000316601
355 0.000316601
356 0.000316601
357 0.000316601
358 0.000316601
359 0.000316601
360 0.000316601
361 0.000316601
362 0.000316601
363 0.000316601
364 0.000316601
365 0.000316601
366 0.000316601
367 0.000316601
368 0.000316601
369 0.000316601
370 0.000316601
371 0.000316601
372 0.000316601
373 0.000316601
374 0.000316601
3320 0.000084508
3321 0.000164863
315 0.000430466
316 0.000286574
317 0.000286574
318 0.001782425
320 0.000286574
321 0.000286574
322 0.000286574
323 0.000286574
2391 0.000172596
2392 0.000172596
2393 0.000172596
375 0.000316870
376 0.000316870
377 0.000316870
655 0.000200017
656 0.000285922
657 0.000285922
658 0.000366807
834 0.000153597
835 0.000153597
2187 0.000129503
2188 0.000129503
3050 0.000205419
3051 0.000205419
3052 0.000205419
3053 0.000205419
3056 0.000197429
3057 0.000197429
3058 0.000196532
3059 0.000196532
3060 0.000196532
3224 0.000316870
3225 0.000316870
3226 0.000316870
3227 0.000316870
3228 0.000316870
3229 0.000316870
3230 0.000316870
3531 0.000129503
3532 0.000129503
3537 0.000109498
3538 0.000246740
3539 0.000201087
3540 0.000246740
3541 0.000201087
3544 0.000158356
533 0.000770671
537 0.000770671
669 0.000304342
670 0.000304342
671 0.000304342
672 0.000304342
673 0.000244146
674 0.000304342
777 0.000251013
778 0.000251013
779 0.000251013
780 0.000251013
781 0.000251013
782 0.000251013
783 0.000251013
1425 0.000244146
1426 0.000244146
2572 0.000188152
2573 0.000131180
2587 0.000131180
2588 0.000131180
3489 0.000157228
3490 0.000157228
3491 0.000157228
325 0.000104835
326 0.000104835
481 0.000482938
530 0.000263596
531 0.000263596
532 0.000263596
534 0.000263596
535 0.000263596
536 0.000263596
538 0.000263596
539 0.000244484
584 0.000244484
1847 0.000339616
1848 0.000339616
1849 0.000339616
1850 0.000339616
1851 0.000322864
1852 0.000339616
1853 0.000339616
1854 0.000339616
1855 0.000339616
1856 0.000339616
1857 0.000339616
1858 0.000322864
1859 0.000322864
1860 0.000274158
2024 0.000180852
2025 0.000180852
3093 0.000291349
3094 0.000291349
3095 0.000202950
3096 0.000270224
3097 0.000225118
3098 0.000270224
3101 0.000202950
3102 0.000225118
3105 0.000182601
3106 0.000182601
3161 0.000202950
1827 0.000381011
1873 0.000180936
1874 0.000180936
1875 0.000180936
1876 0.000180936
1877 0.000180936
384 0.000276855
385 0.000276855
393 0.000306579
390 0.000223225
391 0.000058777
559 0.000412053
569 0.000401171
650 0.000250430
651 0.000344294
659 0.000175588
660 0.000355012
661 0.000175588
662 0.000175588
663 0.000175588
396 0.000276855
397 0.000276855
398 0.000276855
399 0.000658516
400 0.000181440
401 0.000181440
402 0.000181440
1374 0.000181440
404 0.000276855
405 0.000276855
461 0.000276855
406 0.000658516
407 0.000181440
459 0.000181440
1375 0.000181440
1376 0.000181440
411 0.000276855
412 0.000276855
413 0.000276855
414 0.000276855
415 0.000276855
1492 0.000276855
1493 0.000276855
1494 0.000276855
1495 0.000276855
1496 0.000276855
416 0.000057327
417 0.000298904
418 0.000264016
419 0.000298904
694 0.000228569
1194 0.000410235
1195 0.000386263
1198 0.000410235
1199 0.000410235
1200 0.000386263
1333 0.000566936
1334 0.000566936
1335 0.000566936
1336 0.000566936
1337 0.000535932
1338 0.000535932
1339 0.000566936
1990 0.000322818
2257 0.000401675
2259 0.000401675
2261 0.000401675
2634 0.000282841
2894 0.000498997
2910 0.000481948
2913 0.000496859
2914 0.000496859
2915 0.000496859
2917 0.000405223
2925 0.000518153
2928 0.000529502
2932 0.000529502
2940 0.000529502
2943 0.000388947
2945 0.000530549
2947 0.000388947
2948 0.000388947
2954 0.000373985
2955 0.000373985
2960 0.000364982
2961 0.000364982
2962 0.000351053
2996 0.000247970
2997 0.000238624
2999 0.000247970
3000 0.000247970
3001 0.000247970
3002 0.000247970
3004 0.000243126
422 0.000384638
423 0.000204999
424 0.000384638
2327 0.000204999
2328 0.000204999
436 0.000297152
437 0.000297152
438 0.000297152
495 0.000859956
506 0.000707776
507 0.000707776
572 0.000576949
623 0.000348696
624 0.000348696
627 0.000348696
630 0.001032455
631 0.000297152
632 0.000297152
633 0.000297152
634 0.000297152
635 0.000297152
636 0.000297152
637 0.000297152
439 0.000265811
440 0.000216932
493 0.000265811
494 0.000116842
612 0.000216932
450 0.000149339
451 0.000182495
452 0.000149339
454 0.000149339
455 0.000182495
448 0.000213245
449 0.000404075
3236 0.000404075
585 0.000213245
3258 0.000213245
3259 0.000213245
453 0.000187034
2747 0.000854328
2773 0.000187034
456 0.000276855
457 0.000276855
458 0.000276855
463 0.000244370
464 0.000200641
465 0.000200641
2560 0.000179904
2561 0.000124798
3350 0.000200641
3351 0.000200641
3488 0.000124798
468 0.000276855
469 0.000276855
470 0.000276855
471 0.000276855
472 0.000276855
473 0.000276855
474 0.000276855
475 0.000276855
476 0.000276855
477 0.000276855
478 0.000276855
479 0.000276855
480 0.000276855
484 0.000197332
485 0.000418130
486 0.000197332
487 0.000323818
488 0.000197332
489 0.000197332
1936 0.000191815
1937 0.000251679
1938 0.000251679
1939 0.000231103
1940 0.000231103
1941 0.000231103
496 0.000258005
497 0.000258005
498 0.000258005
499 0.000258005
500 0.000258005
501 0.000258005
502 0.000258005
503 0.000258005
504 0.000258005
505 0.000258005
508 0.000258005
490 0.000153578
491 0.000153578
492 0.000153578
622 0.000161963
625 0.000161963
626 0.000161963
722 0.000292017
723 0.000335277
724 0.000347365
725 0.000251333
726 0.000293197
727 0.000403966
728 0.000279272
729 0.000347365
730 0.000403966
736 0.000238237
737 0.000390948
738 0.000281269
739 0.000319901
740 0.000281269
741 0.000198256
742 0.000281269
744 0.000212220
745 0.000212220
746 0.000212220
748 0.000238128
803 0.000214778
804 0.000214778
805 0.000200427
812 0.000200427
1437 0.000100995
1438 0.000100995
1456 0.000128919
1457 0.000099775
1479 0.000099775
1480 0.000072380
509 0.000380735
510 0.000245200
511 0.000245200
2613 0.000245200
2762 0.000300472
2763 0.000236248
512 0.000982611
513 0.000183958
514 0.000183958
2526 0.000183958
2527 0.000183958
3303 0.000169127
3304 0.000670779
3552 0.000169127
3553 0.000169127
3554 0.000169127
3556 0.000235991
3557 0.000235991
3562 0.000169127
3567 0.000169127
519 0.000276855
520 0.000276855
521 0.000285941
522 0.000285941
523 0.000285941
524 0.000285941
525 0.000260954
526 0.000285941
527 0.000260954
528 0.000285941
529 0.000285941
2193 0.000260954
2194 0.000260954
2594 0.000077921
2595 0.000077921
3563 0.000108727
3564 0.000108727
540 0.000276855
541 0.000276855
542 0.000276855
543 0.000276855
544 0.000276855
545 0.000276855
546 0.000276855
2159 0.000276855
549 0.000276855
550 0.000276855
551 0.000381877
552 0.000280032
553 0.000260394
3358 0.000260394
601 0.000306600
3606 0.000212832
555 0.000306545
556 0.000307840
557 0.000306545
558 0.000319044
560 0.000319044
561 0.000321183
562 0.000417681
563 0.000306545
564 0.000321183
565 0.000321183
566 0.000417681
567 0.000417681
568 0.000321183
570 0.000417560
571 0.000306545
652 0.000262085
1841 0.000249587
1842 0.000627908
1843 0.000249587
1844 0.000249587
1845 0.000249587
1846 0.000627908
579 0.000215672
580 0.000215672
581 0.000215672
582 0.000215672
583 0.000215672
591 0.000204048
1295 0.000406621
1999 0.000109689
2000 0.000141385
2001 0.000141385
3298 0.000267006
576 0.000276855
577 0.000276855
3254 0.000276855
2223 0.000170343
2224 0.000170343
2225 0.000170343
2226 0.000170343
3231 0.000150476
3232 0.000104384
3233 0.000104384
587 0.000121115
588 0.000174594
653 0.000223895
654 0.000223895
784 0.000223895
785 0.000223895
786 0.000223895
853 0.000124602
854 0.000124602
1384 0.000346676
1385 0.000346676
1386 0.000346676
1387 0.000346676
1388 0.000346676
1389 0.000346676
1390 0.000346676
1391 0.000346676
1392 0.000346676
1393 0.000346676
1394 0.000346676
1395 0.000346676
1396 0.000346676
1397 0.000346676
1398 0.000346676
3069 0.000155880
3070 0.000296620
3242 0.000113668
3555 0.000121115
3588 0.000155880
3589 0.000248311
3590 0.000155880
3591 0.000155880
3611 0.000124602
3612 0.000124602
589 0.000213245
590 0.000404075
1610 0.000213245
592 0.000276855
593 0.000276855
594 0.000276855
595 0.000404075
596 0.000213245
608 0.000213245
597 0.000276855
598 0.000276855
599 0.000404075
600 0.000213245
1667 0.000213245
3388 0.000171833
602 0.000276855
603 0.000276855
604 0.000276855
605 0.000276855
606 0.000276855
607 0.000276855
609 0.000276855
610 0.000276855
614 0.000276855
615 0.000276855
616 0.000276855
617 0.000276855
618 0.000276855
619 0.000276855
620 0.000361852
621 0.000144053
1112 0.000338468
1113 0.000239952
628 0.000276855
629 0.000276855
743 0.000376998
747 0.000211872
2831 0.000227794
2832 0.000227794
2833 0.000227794
2834 0.000227794
2835 0.000227794
2836 0.000227794
2837 0.000227794
2838 0.000227794
2839 0.000227794
2895 0.000227794
2896 0.000227794
2897 0.000227794
2898 0.000227794
2899 0.000227794
2900 0.000227794
2901 0.000227794
2902 0.000227794
2903 0.000227794
638 0.000392906
639 0.000238171
640 0.000238171
641 0.000238171
642 0.000392906
647 0.000238171
648 0.000238171
649 0.000238171
643 0.000406131
644 0.000156599
645 0.000272345
646 0.000272345
766 0.000198621
767 0.000198621
768 0.000198621
676 0.000165537
677 0.001167397
678 0.000165537
679 0.000165537
680 0.000165537
681 0.000165537
684 0.000165537
685 0.000165537
686 0.000165537
682 0.000276855
683 0.000276855
687 0.000404075
688 0.000213245
3007 0.000213245
689 0.000412072
690 0.000195081
691 0.000195081
692 0.000195081
693 0.000195081
695 0.000188375
696 0.000188375
697 0.000188375
698 0.000188375
2090 0.000362937
3286 0.000332939
3297 0.000097995
2857 0.000558988
2886 0.000263819
2887 0.000263819
2888 0.000263819
2890 0.000263819
2891 0.000263819
2892 0.000263819
2893 0.000263819
2904 0.000255273
2905 0.000255273
2906 0.000255273
2909 0.000324461
2911 0.000266256
2916 0.000266256
2919 0.000255273
2920 0.000255273
2921 0.000255273
2922 0.000255273
2923 0.000255273
2924 0.000255273
2926 0.000163154
2927 0.000163154
2929 0.000163154
2930 0.000163154
2931 0.000163154
2933 0.000421492
2934 0.000421492
2935 0.000421492
2936 0.000416892
2937 0.000416892
2938 0.000319960
2939 0.000388841
2941 0.000259528
2942 0.000229509
2944 0.000276271
2946 0.000248175
2952 0.000275989
2953 0.000243283
2958 0.000256880
2959 0.000256880
3381 0.000146944
3382 0.000146944
711 0.000170473
712 0.000276855
713 0.000276855
714 0.000276855
715 0.000404075
716 0.000213245
753 0.000213245
717 0.000210975
718 0.000356624
719 0.000356624
720 0.000356624
721 0.000321901
735 0.000321901
731 0.000210975
732 0.000210975
733 0.000210975
734 0.000210975
749 0.000192041
750 0.000531296
751 0.000192041
752 0.000192041
754 0.000276855
755 0.000276855
756 0.000104099
757 0.000147226
771 0.000344271
758 0.000276855
759 0.000276855
764 0.000276855
765 0.000276855
769 0.000276855
770 0.000276855
1984 0.000268485
1985 0.000283834
1986 0.000283834
1987 0.000283834
1988 0.000283834
1989 0.000283834
1991 0.000283834
1992 0.000283834
1993 0.000283834
1994 0.000283834
1995 0.000283834
1996 0.000283834
1997 0.000283834
1998 0.000283834
3305 0.000268485
772 0.000276855
773 0.000276855
774 0.000276855
775 0.000276855
776 0.000276855
789 0.000276855
790 0.000276855
791 0.000276855
1366 0.000254938
795 0.000276855
796 0.000276855
797 0.000276855
798 0.000276855
799 0.000276855
800 0.000529664
801 0.000170161
802 0.000529664
807 0.000170161
808 0.000170161
809 0.000170161
810 0.000237434
811 0.000237434
806 0.000276855
956 0.000276855
813 0.000244835
814 0.000244835
815 0.000329670
816 0.000288079
817 0.000329670
818 0.000288079
819 0.000244835
820 0.000244835
821 0.000404075
822 0.000213245
3446 0.000213245
823 0.000276855
824 0.000276855
828 0.000276855
842 0.000276855
836 0.000134160
837 0.000134160
843 0.000276855
844 0.000276855
845 0.000276855
848 0.000276855
849 0.000276855
850 0.000276855
851 0.000276855
852 0.000276855
855 0.000310219
856 0.000310219
857 0.000310219
858 0.000310219
859 0.000310219
860 0.000310219
861 0.000384855
862 0.000310219
863 0.000310219
864 0.000551217
865 0.000310219
866 0.000310219
867 0.000310219
868 0.000310219
869 0.000310219
870 0.000310219
871 0.000310219
872 0.000310219
873 0.000310219
874 0.000310219
875 0.000310219
876 0.000310219
877 0.000310219
878 0.000310219
879 0.000378163
880 0.000310219
881 0.000310219
882 0.000310219
883 0.000310219
884 0.000310219
885 0.000310219
886 0.000310219
1831 0.000089463
1832 0.000089463
1593 0.000108066
1594 0.000108066
1595 0.000108066
3186 0.000205595
3187 0.000205595
3188 0.000205595
3189 0.000205595
3190 0.000205595
3191 0.000205595
3192 0.000205595
3193 0.000205595
887 0.000283786
888 0.000283786
889 0.000283786
890 0.000252594
891 0.000283786
892 0.000283786
893 0.000283786
894 0.000283786
895 0.000252594
898 0.000276855
899 0.000276855
900 0.000276855
901 0.000276855
902 0.000276855
903 0.000276855
904 0.000276855
905 0.000276855
906 0.000276855
907 0.000276855
908 0.000276855
909 0.000276855
910 0.000276855
911 0.000276855
912 0.000276855
913 0.000276855
914 0.000276855
915 0.000276855
916 0.000276855
917 0.000276855
918 0.000276855
919 0.000276855
920 0.000276855
921 0.000276855
922 0.000276855
923 0.000218908
924 0.000324102
925 0.000322325
926 0.000218908
927 0.000239868
928 0.000322325
2344 0.000561753
2850 0.000322325
2851 0.000322325
2853 0.000218908
2845 0.000238136
2846 0.000238136
2847 0.000238136
2848 0.000238136
2849 0.000238136
2852 0.000218908
929 0.000391425
930 0.000391425
931 0.000391425
932 0.000242484
933 0.000242484
934 0.000242484
935 0.000242484
936 0.000242484
2973 0.000242484
2974 0.000242484
2975 0.000242484
2976 0.000242484
2977 0.000242484
937 0.000276855
938 0.000276855
939 0.000276855
940 0.000276855
941 0.000276855
942 0.000376274
943 0.000259800
944 0.000376274
945 0.000317919
946 0.000202185
947 0.000202185
948 0.000203347
949 0.000245989
950 0.000352824
951 0.000300602
952 0.000245989
953 0.000300602
954 0.000245989
955 0.000245989
957 0.000220280
978 0.000400624
979 0.000220280
959 0.000276855
960 0.000276855
961 0.000406131
962 0.000156599
963 0.000272345
964 0.000272345
965 0.000303279
966 0.000303279
967 0.000213387
968 0.000276855
969 0.000276855
970 0.000276855
972 0.000276855
973 0.000276855
974 0.000276855
975 0.000276855
976 0.000276855
997 0.000410524
998 0.000408964
999 0.000172071
1000 0.000217269
1004 0.000270790
1005 0.000217269
1006 0.000264196
1007 0.000265871
3626 0.000227319
1001 0.000409147
1003 0.000276045
1002 0.000182795
1008 0.000235570
1009 0.000304379
1010 0.000304379
1011 0.000304379
1012 0.000235570
1013 0.000276855
1014 0.000276855
1015 0.000276855
1016 0.000276855
1023 0.000276855
1024 0.000276855
1025 0.000276855
1026 0.000276855
1027 0.000276855
1028 0.000276855
1029 0.000276855
1030 0.000276855
1031 0.000276855
1032 0.000276855
1033 0.000276855
1034 0.000276855
1035 0.000276855
1036 0.000276855
1037 0.000276855
1038 0.000276855
1039 0.000276855
1040 0.000276855
1041 0.000276855
1042 0.000276855
1043 0.000276855
1044 0.000276855
1045 0.000276855
1046 0.000276855
1047 0.000276855
1048 0.000276855
1049 0.000276855
1050 0.000276855
1051 0.000276855
1052 0.000276855
1053 0.000276855
1054 0.000276855
1055 0.000276855
1056 0.000276855
1057 0.000276855
1058 0.000276855
1059 0.000276855
1060 0.000276855
1061 0.000276855
1062 0.000276855
1063 0.000276855
1064 0.000276855
1065 0.000276855
1066 0.000276855
1067 0.000276855
1068 0.000276855
1069 0.000276855
1070 0.000276855
1071 0.000276855
1072 0.000276855
1073 0.000276855
1074 0.000276855
1075 0.000276855
1076 0.000276855
1077 0.000276855
1078 0.000276855
1079 0.000276855
1080 0.000276855
1081 0.000276855
1082 0.000276855
1083 0.000276855
1084 0.000276855
1085 0.000276855
1086 0.000276855
1087 0.000276855
1088 0.000276855
1089 0.000276855
1090 0.000276855
1091 0.000276855
1092 0.000276855
1093 0.000276855
1094 0.000276855
1095 0.000276855
1096 0.000276855
1097 0.000276855
1098 0.000276855
1099 0.000276855
1100 0.000276855
1101 0.000276855
1102 0.000276855
1103 0.000276855
1104 0.000276855
1105 0.000276855
1106 0.000276855
1107 0.000276855
1108 0.000276855
1109 0.000276855
1110 0.000276855
1111 0.000276855
1114 0.000761231
1115 0.000232980
1116 0.000232980
1490 0.000133963
1491 0.000133963
1497 0.000232980
1498 0.000232980
1117 0.000276855
1118 0.000276855
1119 0.000245686
1120 0.000300232
1121 0.000300232
1192 0.000300232
1193 0.000300232
1191 0.000245686
1206 0.000245686
1122 0.000490946
1123 0.000256336
1124 0.000256336
1125 0.000256336
1126 0.000256336
2397 0.000368860
3175 0.000189462
1127 0.000276855
1128 0.000276855
1129 0.000276855
1130 0.000276855
1131 0.000276855
1132 0.000276855
1133 0.000276855
1134 0.000276855
1135 0.000276855
1136 0.000276855
1137 0.000276855
1138 0.000276855
1139 0.000350162
1140 0.000290675
1141 0.000290675
1142 0.000290675
1143 0.000290675
1144 0.000290675
1145 0.000290675
1146 0.000290675
1147 0.000350162
1148 0.000290675
1149 0.000290675
1150 0.000290675
1151 0.000290675
1152 0.000290675
1153 0.000290675
1154 0.000290675
1635 0.000106806
1636 0.000106806
1155 0.000191593
1156 0.000388694
1157 0.000468851
1158 0.000191593
1159 0.000599720
1170 0.000427323
1171 0.000187202
1173 0.000437921
3394 0.000188196
3395 0.000187202
1172 0.000187715
1174 0.000187715
2811 0.000187715
2812 0.000160693
2813 0.000160693
1160 0.000276855
1161 0.000276855
1162 0.000276855
1163 0.000276855
1164 0.000276855
1165 0.000276855
1166 0.000276855
1167 0.000276855
1168 0.000276855
1169 0.000276855
1175 0.000460226
1176 0.000246293
1177 0.000246293
1178 0.000246293
1487 0.000246293
1488 0.000246293
1489 0.000246293
1179 0.001514204
1180 0.000148774
1182 0.000645071
1184 0.000259540
1185 0.000148774
1225 0.000148774
1226 0.000278700
1227 0.000288175
1228 0.000148774
1229 0.000148774
1230 0.000148774
1231 0.000148774
1232 0.000148774
1181 0.000390976
1186 0.000152295
1183 0.000151201
1233 0.000151201
1234 0.000151201
1187 0.000276855
1188 0.000276855
1196 0.000075561
1197 0.000075561
2260 0.000249268
2987 0.000236594
2988 0.000236594
2989 0.000236594
2990 0.000236594
2991 0.000236594
2992 0.000236594
2993 0.000236594
2994 0.000236594
3005 0.000189601
3006 0.000189601
1201 0.000339750
1202 0.000259426
1203 0.000339750
1204 0.000259426
1205 0.000185922
1207 0.000254862
1208 0.000282353
1209 0.000282353
1210 0.000282353
1211 0.000282353
1212 0.000282353
1213 0.000282353
1214 0.000282353
1215 0.000282353
1221 0.000254862
1222 0.000192041
1223 0.000531296
1224 0.000192041
3319 0.000192041
1236 0.000305732
1235 0.000164013
1237 0.000171454
1238 0.000658516
1239 0.000181440
1240 0.000181440
1241 0.000181440
1242 0.000181440
1243 0.000256799
1244 0.000315100
1245 0.000315100
1246 0.000315100
1248 0.000256799
1247 0.000202229
1249 0.000172811
1250 0.000386151
1252 0.000386151
1251 0.000239256
1253 0.000239256
1254 0.000239256
1255 0.000239256
1256 0.000312702
1257 0.000404075
1258 0.000213245
1259 0.000213245
1260 0.000362221
1261 0.000255122
1262 0.000197448
1263 0.000474278
1264 0.000197448
2012 0.000306469
2013 0.000306469
2014 0.000196120
2015 0.000196120
1265 0.000283786
1266 0.000283786
1267 0.000252594
1268 0.000283786
1269 0.000283786
1270 0.000283786
1271 0.000283786
1272 0.000283786
1365 0.000252594
1273 0.000292897
1274 0.000292897
1275 0.000292897
1276 0.000337467
1277 0.000292897
1278 0.000292897
1279 0.000346267
1280 0.000346267
1281 0.000346267
1282 0.000346267
1283 0.000346267
1284 0.000346267
1285 0.000346267
1286 0.000310303
1287 0.000310303
1288 0.000292897
1289 0.000292897
1290 0.000292897
1291 0.000346267
1292 0.000346267
1293 0.000292897
1294 0.000292897
1296 0.000346267
1297 0.000292897
1298 0.000292897
1299 0.000292897
1300 0.000292897
1301 0.000292897
1302 0.000292897
1303 0.000310303
1304 0.000292897
1305 0.000292897
2546 0.000285693
2547 0.000285693
2578 0.000278551
2545 0.000141872
2579 0.000138403
2580 0.000147543
2581 0.000147543
2582 0.000138403
2583 0.000134701
1306 0.000417398
1307 0.000345785
1308 0.000228198
1356 0.000414672
1357 0.000218343
1360 0.000139501
1309 0.000441996
1310 0.000235570
1311 0.000235570
1550 0.000235570
1551 0.000235570
1312 0.000330856
1313 0.000330856
1314 0.000568975
1353 0.000135271
3061 0.000135271
1354 0.000381110
1355 0.000203119
1368 0.000203119
1369 0.000203119
1316 0.000276855
1317 0.000276855
1318 0.000276855
1319 0.000276855
1320 0.000276855
1321 0.000276855
1322 0.000276855
1323 0.000276855
1324 0.000276855
1325 0.000276855
1326 0.000276855
1327 0.000276855
1328 0.000276855
1329 0.000276855
1330 0.000276855
1331 0.000276855
1332 0.000276855
2912 0.000106069
3472 0.000085448
3473 0.000085448
3474 0.000085448
1340 0.000276855
1341 0.000276855
1342 0.000276855
1343 0.000276855
1344 0.000276855
1345 0.000276855
1346 0.000276855
1347 0.000276855
1348 0.000276855
1349 0.000276855
1350 0.000276855
1351 0.000276855
1352 0.000276855
1358 0.000225471
1359 0.000225471
1362 0.000276855
1363 0.000276855
1367 0.000149877
1370 0.000276855
1371 0.000276855
1372 0.000276855
1373 0.000276855
1377 0.000276855
1378 0.000276855
1379 0.000276855
1380 0.000276855
1381 0.000276855
1382 0.000276855
1383 0.000276855
1399 0.000338852
1400 0.000280686
1401 0.000280686
1402 0.000280686
1403 0.000280686
1404 0.000338852
1405 0.000137536
1406 0.000279978
1407 0.000279978
1408 0.000279978
1409 0.000279978
1410 0.000279978
1411 0.000279978
1412 0.000279978
1413 0.000259678
1414 0.000279978
1415 0.000279978
1416 0.000279978
1417 0.000279978
1418 0.000259678
1419 0.000213245
1420 0.000404075
1421 0.000213245
1422 0.000276855
1423 0.000276855
1424 0.000276855
1427 0.000276855
1428 0.000276855
1429 0.000276855
1430 0.000276855
1431 0.000276855
1432 0.000276855
1433 0.000276855
1434 0.000276855
1435 0.000276855
1436 0.000276855
1439 0.000359256
1440 0.000198844
1441 0.000318867
1442 0.000198844
1443 0.000359256
1452 0.000274089
1453 0.000274089
1454 0.000274089
1455 0.000234358
1444 0.000162276
1445 0.000162276
1446 0.000162276
1448 0.000162276
1449 0.000276855
1450 0.000276855
1451 0.000276855
1458 0.000276855
1459 0.000276855
1460 0.000276855
1461 0.000276855
1462 0.000276855
1463 0.000276855
1464 0.000276855
1465 0.000276855
1466 0.000276855
1467 0.000276855
1468 0.000276855
1469 0.000276855
1470 0.000276855
1471 0.000276855
1472 0.000276855
1473 0.000276855
1474 0.000276855
1475 0.000276855
1476 0.000276855
1477 0.000276855
1478 0.000276855
1481 0.000404075
1482 0.000213245
2254 0.000213245
1501 0.000384638
1502 0.000384638
1503 0.000204999
1504 0.000204999
1528 0.000204999
1505 0.000202801
1506 0.000437035
1507 0.000381899
1538 0.000381899
1534 0.000202801
1535 0.000202801
1536 0.000202801
1537 0.000202801
1611 0.000157144
1612 0.000157144
1511 0.000212397
1512 0.000351790
1513 0.000351790
1552 0.000351790
1553 0.000351790
1514 0.000212397
1526 0.000212397
1527 0.000212397
1529 0.000255901
1530 0.000255901
1515 0.000276855
1516 0.000276855
1517 0.000276855
1518 0.000276855
1519 0.000276855
1520 0.000276855
1524 0.000276855
1525 0.000276855
1531 0.000300452
1532 0.000365936
1533 0.000231430
1539 0.000231430
1540 0.000231430
1541 0.000300452
1542 0.000276855
1543 0.000276855
1544 0.000276855
1545 0.000276855
1546 0.000276855
1547 0.000276855
1548 0.000276855
1549 0.000276855
1554 0.000276855
1555 0.000276855
1556 0.000276855
1557 0.000276855
1558 0.000304379
1559 0.000304379
1560 0.000235570
1561 0.000304379
1562 0.000235570
1563 0.000276855
1564 0.000276855
1567 0.000235973
1568 0.000317737
1569 0.000235973
1570 0.000317737
1571 0.000317737
1572 0.000317737
1573 0.000235973
1574 0.000235973
1575 0.000276855
1576 0.000276855
1577 0.000276855
1578 0.000276855
1579 0.000276855
1580 0.000276855
1581 0.000276855
1582 0.000276855
1583 0.000276855
1584 0.000276855
1585 0.000276855
1586 0.000276855
1587 0.000235570
1588 0.000235570
1589 0.000441996
3008 0.000235570
3009 0.000235570
1590 0.000276855
1591 0.000276855
1592 0.000276855
1596 0.000276855
1597 0.000276855
1598 0.000276855
1599 0.000276855
1601 0.000276855
1602 0.000276855
1608 0.000276855
1609 0.000276855
1613 0.000276855
1614 0.000276855
1618 0.000276855
1619 0.000276855
1620 0.000276855
1621 0.000276855
1624 0.000276855
1625 0.000276855
1626 0.000276855
1627 0.000276855
1628 0.000276855
1629 0.000276855
1630 0.000276855
1631 0.000276855
1632 0.000276855
1633 0.000276855
1634 0.000276855
1637 0.000276855
1638 0.000276855
1639 0.000276855
1640 0.000276855
1641 0.000149818
1642 0.000419926
1643 0.000149818
1787 0.000295355
1788 0.000295355
1789 0.000295355
1790 0.000295355
1791 0.000295355
1792 0.000295355
1644 0.000276855
1645 0.000276855
1646 0.000276855
1647 0.000276855
1648 0.000276855
1649 0.000276855
1650 0.000276855
1651 0.000276855
1652 0.000276855
1653 0.000276855
1654 0.000276855
1659 0.000276855
1660 0.000276855
1661 0.000276855
1662 0.000276855
1663 0.000276855
1664 0.000276855
1665 0.000276855
1666 0.000276855
1668 0.000232781
1669 0.001388581
1670 0.000437332
1671 0.000232781
1672 0.000139867
1673 0.000232781
1674 0.000139867
1675 0.000232781
1676 0.000139867
1677 0.000139867
1678 0.000139867
1679 0.000139867
1680 0.000139867
1681 0.000139867
1682 0.000276855
1683 0.000276855
1684 0.000276855
1685 0.000276855
1686 0.000276855
1687 0.000276855
1688 0.000276855
1689 0.000276855
1690 0.000276855
1691 0.000276855
1692 0.000276855
1693 0.000276855
1694 0.000276855
1695 0.000276855
1696 0.000276855
1697 0.000276855
1698 0.000276855
1699 0.000276855
1700 0.000276855
1701 0.000276855
1702 0.000276855
1703 0.000276855
1704 0.000276855
1705 0.000276855
1706 0.000276855
1707 0.000276855
1708 0.000276855
1709 0.000276855
1710 0.000276855
1711 0.000276855
1712 0.000276855
1713 0.000276855
1714 0.000276855
1715 0.000276855
1716 0.000276855
1717 0.000276855
1718 0.000276855
1719 0.000276855
1720 0.000276855
1721 0.000276855
1722 0.000276855
1723 0.000276855
1724 0.000276855
1725 0.000276855
1726 0.000276855
1727 0.000276855
1728 0.000276855
1729 0.000276855
1730 0.000276855
1731 0.000276855
1732 0.000276855
1733 0.000276855
1734 0.000276855
1735 0.000276855
1736 0.000276855
1737 0.000276855
1738 0.000276855
1739 0.000276855
1740 0.000365936
1741 0.000231430
1742 0.000300452
1743 0.000300452
1744 0.000231430
1745 0.000231430
1769 0.000142012
1778 0.000217667
1779 0.000183647
3302 0.000118086
1770 0.000075672
1924 0.000141644
1925 0.000141644
1934 0.000377511
1772 0.000276855
1773 0.000276855
1774 0.000276855
1781 0.000227163
1782 0.000266627
1783 0.000266627
1784 0.000388556
1785 0.000388556
1786 0.000388556
1808 0.000227163
1809 0.000232883
1810 0.000191209
1817 0.000191209
1793 0.000276855
1794 0.000276855
1795 0.000276855
1796 0.000276855
1797 0.000276855
1814 0.000295059
1807 0.000276855
1812 0.000276855
1813 0.000217614
1815 0.000217614
1819 0.000326924
1820 0.000226785
1821 0.000326924
1822 0.000226785
1823 0.000276855
1824 0.000276855
1828 0.000234918
1829 0.000192880
1830 0.000192880
1833 0.000192880
1834 0.000192880
1837 0.000276855
1838 0.000276855
1839 0.000340465
1840 0.000234448
1915 0.000234448
1917 0.000234448
1918 0.000234448
1919 0.000234448
1920 0.000234448
1921 0.000234448
1922 0.000234448
1923 0.000234448
1910 0.000340465
1911 0.000340465
1912 0.000340465
1913 0.000340465
1914 0.000340465
1861 0.000276855
1862 0.000276855
1863 0.000276855
1864 0.000276855
1865 0.000276855
1866 0.000400743
1867 0.000400743
1868 0.000216380
1869 0.000216380
1870 0.000276206
1871 0.000213766
1872 0.000213766
1878 0.000240917
1879 0.000323656
1880 0.000303604
1881 0.000240917
1882 0.000240917
1883 0.000323656
1884 0.000240917
1885 0.000323656
1886 0.000323656
1887 0.000323656
1888 0.000303604
1889 0.000240917
1890 0.000240917
1891 0.000240917
1892 0.000240917
1893 0.000285652
1894 0.000285652
1895 0.000285652
1896 0.000285652
1897 0.000285652
1898 0.000285652
1899 0.000285652
1900 0.000285652
1901 0.000243865
1902 0.000285652
1903 0.000285652
1904 0.000285652
1905 0.000285652
1906 0.000285652
1907 0.000285652
1908 0.000285652
1909 0.000243865
1916 0.000243865
3296 0.000243865
1926 0.000276855
1927 0.000276855
1942 0.000276855
1943 0.000276855
1944 0.000276855
1945 0.000276855
1946 0.000276855
1947 0.000276855
1948 0.000276855
1949 0.000404075
1950 0.000213245
3533 0.000213245
1951 0.000235641
1952 0.000357854
1953 0.000277808
1954 0.000357854
1956 0.000277808
1959 0.000277808
1955 0.000235641
1957 0.000235641
1958 0.000235641
1960 0.000304379
1961 0.000304379
1962 0.000235570
1963 0.000304379
3551 0.000235570
1964 0.000276855
1965 0.000276855
1966 0.000276855
1967 0.000276855
1968 0.000276855
1969 0.000249106
1970 0.000249106
3582 0.000402934
3583 0.000402934
1971 0.000276855
1972 0.000276855
1973 0.000276855
1974 0.000226785
1975 0.000326924
1976 0.000326924
1977 0.000226785
1978 0.000276855
1979 0.000276855
1980 0.000276855
1981 0.000276855
1982 0.000276855
1983 0.000276855
2002 0.000466570
2003 0.000299987
2004 0.000299987
2005 0.000255586
2006 0.000299987
2007 0.000299987
3163 0.000258270
3164 0.000199884
3166 0.000199884
3566 0.000255586
2008 0.000404075
2009 0.000213245
3213 0.000213245
2049 0.000342525
2050 0.000266662
2051 0.000722399
2052 0.000212935
2053 0.000266662
2054 0.000266662
2055 0.000212935
2056 0.000212935
2057 0.000212935
2058 0.000212935
2060 0.000753169
2063 0.000516058
2068 0.000546828
2059 0.000342525
2062 0.000228985
2065 0.000259941
2066 0.000214079
2067 0.000240878
2069 0.000266861
2070 0.000214079
2071 0.000214079
3156 0.000240878
3157 0.000216589
3158 0.000216589
3159 0.000216589
3160 0.000216589
3412 0.000180999
2235 0.000133734
2236 0.000133734
2078 0.000285150
2079 0.000285150
2080 0.000285150
2081 0.000285150
2082 0.000285150
2083 0.000285150
2084 0.000285150
2085 0.000275874
2086 0.000285150
2087 0.000285150
2088 0.000285150
2089 0.000275874
2091 0.000285150
2092 0.000285150
2093 0.000285150
2094 0.000285150
2095 0.000285150
2096 0.000285150
2097 0.000285150
2098 0.000285150
2099 0.000285150
2100 0.000285150
2101 0.000285150
2102 0.000285150
2103 0.000285150
2104 0.000285150
2105 0.000285150
2106 0.000285150
2107 0.000275874
2108 0.000285150
2109 0.000285150
2110 0.000285150
2111 0.000285150
2112 0.000285150
2113 0.000285150
2114 0.000285150
2115 0.000285150
2116 0.000285150
2117 0.000285150
2118 0.000285150
2119 0.000285150
2120 0.000285150
2121 0.000285150
2122 0.000285150
2123 0.000285150
2124 0.000285150
2125 0.000285150
2126 0.000275874
2127 0.000285150
2128 0.000266651
2129 0.000266651
2130 0.000266651
2131 0.000266651
2132 0.000143417
2134 0.000143417
2136 0.000143417
2137 0.000143417
2635 0.000143417
2139 0.000276855
2140 0.000276855
2141 0.000276855
2142 0.000270031
2143 0.000270031
2144 0.000270031
2145 0.000444032
2146 0.000203502
2147 0.000203502
2149 0.000384638
2150 0.000384638
2151 0.000204999
2152 0.000204999
2153 0.000204999
3542 0.000151305
3543 0.000151305
2164 0.000276855
2165 0.000276855
2166 0.000276855
2167 0.000276855
2168 0.000299040
2169 0.000299040
2170 0.000299040
2171 0.000299040
2172 0.000299040
2173 0.000265603
2174 0.000265603
2215 0.000232645
2216 0.000232645
2177 0.000192041
2178 0.000531296
2183 0.000192041
2184 0.000192041
2179 0.000104231
2180 0.000150255
2181 0.000426293
2182 0.000104231
3107 0.000298349
3108 0.000298349
3109 0.000298349
3110 0.000298349
3111 0.000298349
3112 0.000298349
3113 0.000298349
3114 0.000298349
3115 0.000298349
3116 0.000298349
3117 0.000298349
3118 0.000298349
3119 0.000298349
3120 0.000298349
3121 0.000298349
2189 0.000276855
2190 0.000276855
2242 0.000204999
2243 0.000384638
2244 0.000384638
2245 0.000204999
2246 0.000204999
2247 0.000276855
2248 0.000276855
2249 0.000276855
2250 0.000276855
2258 0.000060297
2262 0.000276855
2263 0.000276855
2264 0.000326924
2265 0.000326924
2266 0.000226785
2353 0.000226785
2267 0.000276855
2268 0.000276855
2269 0.000276855
2270 0.000276855
2271 0.000276855
2272 0.000276855
2273 0.000276855
2277 0.000286367
2278 0.000286367
2279 0.000286367
2280 0.000286367
2281 0.000286367
2282 0.000286367
2284 0.000286367
2285 0.000286367
2286 0.000286367
2287 0.000286367
2293 0.000276855
2294 0.000276855
2331 0.000261574
2332 0.000261574
2333 0.000337979
2334 0.000261574
2349 0.000261574
2335 0.000278644
2336 0.000278644
2337 0.000241404
2338 0.000278644
2339 0.000278644
2340 0.000278644
2341 0.000278644
2342 0.000278644
2343 0.000278644
2345 0.000278644
2346 0.000278644
2347 0.000259807
2348 0.000259807
2350 0.000404075
2351 0.000213245
2352 0.000213245
2354 0.000276855
2355 0.000276855
2356 0.000276855
2357 0.000276855
2363 0.000276855
2364 0.000276855
2365 0.000912956
2366 0.000170838
2367 0.000170838
2368 0.000170838
2369 0.000170838
2377 0.000170838
2378 0.000170838
2370 0.000276855
2371 0.000276855
2372 0.000276855
2373 0.000276855
2374 0.000276855
2375 0.000276855
2376 0.000276855
2379 0.000404075
2380 0.000213245
2381 0.000213245
2394 0.000276855
2395 0.000276855
2396 0.000276855
2398 0.000208541
2401 0.000208541
2399 0.000276855
2400 0.000276855
2402 0.000276855
2403 0.000276855
2404 0.000276855
2405 0.000276855
2406 0.000276855
2407 0.000276855
2408 0.000276855
2409 0.000276855
2410 0.000276855
2411 0.000235570
2413 0.000304379
2417 0.000304379
2418 0.000304379
2424 0.000235570
2414 0.000276855
2415 0.000276855
2416 0.000276855
2419 0.000276855
2420 0.000276855
2421 0.000276855
2422 0.000276855
2425 0.000304379
2427 0.000235570
2428 0.000304379
2429 0.000304379
2465 0.000235570
2426 0.000276855
2430 0.000276855
2431 0.000276855
2432 0.000276855
2434 0.000375290
2435 0.000469815
2436 0.000222648
2437 0.000313738
2439 0.000413797
2440 0.000228252
2442 0.000220627
2444 0.000298251
2445 0.000222648
2466 0.000338468
2438 0.000115929
2441 0.000154732
2443 0.000224921
2455 0.000221808
2456 0.000318140
2457 0.000318140
2458 0.000318140
2459 0.000318140
2463 0.000221808
2464 0.000221808
2460 0.000213245
2461 0.000404075
2462 0.000213245
2467 0.000276855
2468 0.000276855
2469 0.000276855
2470 0.000276855
2471 0.000276855
2472 0.000506442
2473 0.000185020
2474 0.000506442
2475 0.000506442
2477 0.000185020
2478 0.000185020
2479 0.000185020
2480 0.000185020
2481 0.000185020
2482 0.000185020
2483 0.000185020
2484 0.000185020
2485 0.000185020
2476 0.000506442
2486 0.000404075
2487 0.000213245
2488 0.000213245
2489 0.000232647
2490 0.000232647
2491 0.000358504
2492 0.000309893
2493 0.000358504
2494 0.000309893
2495 0.000309893
2510 0.000309893
2548 0.000335064
2511 0.000232647
2512 0.000232647
2513 0.000232647
2514 0.000232647
2517 0.000232647
2518 0.000232647
2498 0.000320567
2499 0.000320567
2500 0.000320567
2501 0.000320567
2502 0.000320567
2503 0.000320567
2504 0.000215931
2505 0.000242595
2506 0.000215931
2507 0.000241466
2508 0.000241466
2509 0.000241466
2515 0.000276855
2516 0.000276855
2519 0.000276855
2520 0.000276855
2531 0.000276855
2521 0.000514327
2522 0.000241181
2523 0.000241181
2524 0.000514327
2525 0.000241181
2614 0.000191168
2615 0.000247007
2616 0.000191168
2617 0.000193505
2618 0.000193505
2532 0.000276855
2533 0.000276855
2534 0.000276855
2535 0.000321580
2536 0.000231064
2765 0.000699039
2794 0.000363419
2804 0.000109864
2537 0.000340465
2538 0.000234448
2542 0.000234448
2543 0.000234448
2544 0.000340465
2539 0.000086427
2781 0.000264110
2549 0.000276855
2550 0.000276855
2551 0.000444945
2552 0.000192810
2553 0.000444945
2554 0.000192810
2555 0.000192810
2556 0.000192810
2566 0.000377747
2646 0.000303515
2764 0.000165164
2766 0.000243391
2767 0.000344228
2567 0.000276855
2568 0.000276855
2569 0.000276855
2574 0.000587664
2575 0.000141431
2576 0.000348149
2577 0.000240073
2619 0.000141431
2620 0.000370692
2621 0.000369482
2590 0.000276855
2591 0.000276855
2596 0.000276855
2597 0.000276855
2598 0.000276855
2599 0.000276855
2600 0.000276855
2601 0.000276855
2602 0.000276855
2603 0.000276855
2604 0.000276855
2605 0.000276855
2606 0.000276855
2607 0.000276855
2609 0.000276855
2610 0.000276855
2611 0.000276855
2612 0.000276855
2626 0.000146558
2625 0.000146215
2622 0.000134345
2631 0.000088726
2632 0.000276855
2633 0.000276855
2636 0.000276855
2637 0.000276855
2641 0.000291995
2642 0.000124260
2643 0.000124260
2644 0.000461464
2723 0.000299987
2724 0.000337228
2725 0.000337228
2726 0.000344707
2727 0.000452858
2728 0.000337228
2774 0.000344886
2775 0.000344707
2645 0.000300445
2647 0.000229288
2778 0.000164791
2648 0.000531296
2649 0.000192041
2776 0.000192041
2777 0.000192041
2650 0.000276855
2651 0.000276855
2652 0.000531296
2653 0.000192041
2654 0.000192041
2655 0.000192041
2656 0.000276855
2657 0.000276855
2658 0.000272345
2659 0.000272345
2660 0.000406131
2661 0.000156599
2662 0.000276855
2663 0.000276855
2664 0.000276855
2665 0.000276855
2666 0.000276855
2667 0.000276855
2668 0.000276855
2669 0.000276855
2670 0.000276855
2671 0.000276855
2672 0.000276855
2673 0.000276855
2674 0.000276855
2675 0.000326924
2676 0.000226785
2677 0.000326924
2678 0.000226785
2679 0.000261574
2680 0.000337979
2681 0.000261574
2684 0.000261574
2685 0.000261574
2682 0.000119743
2683 0.000276051
2786 0.000392501
2686 0.000172734
2784 0.000460163
2691 0.000122553
2692 0.000276855
2693 0.000276855
2694 0.000276855
2695 0.000276855
2696 0.000276855
2697 0.000404075
2698 0.000213245
2718 0.000213245
2703 0.000113538
2704 0.000276855
2705 0.000276855
2706 0.000276855
2708 0.000276855
2709 0.000276855
2710 0.000203409
2711 0.000109810
2712 0.000109810
2854 0.000104656
2855 0.000115343
2856 0.000343562
2858 0.000343562
2918 0.000325956
2713 0.000276855
2714 0.000276855
2721 0.000404075
2722 0.000213245
2805 0.000213245
2963 0.000139167
2964 0.000139167
2729 0.000161498
2730 0.001199709
2731 0.001199709
2732 0.000161498
2733 0.000161498
2734 0.000161498
2735 0.000161498
2736 0.000161498
2737 0.000161498
2738 0.000161498
2739 0.000161498
2740 0.000161498
2741 0.000161498
2742 0.000161498
2743 0.000161498
2744 0.000161498
2745 0.000161498
2746 0.000161498
2748 0.000176972
2749 0.000408397
2750 0.000176972
2751 0.000176972
2795 0.000176972
2752 0.000276855
2753 0.000276855
2754 0.000276855
2755 0.000229233
2756 0.000362462
2757 0.000863108
2758 0.000229233
2779 0.000229233
2780 0.000229233
2761 0.000233452
2770 0.000250183
2771 0.000173550
2772 0.000173550
2788 0.000178548
2789 0.000178548
2796 0.000227062
2797 0.000227062
2768 0.000199438
2769 0.000199438
2782 0.000461097
2783 0.000172040
2785 0.000172040
2787 0.000173575
2793 0.000238765
2802 0.000207587
2803 0.000207587
2798 0.000326924
2799 0.000326924
2800 0.000226785
2801 0.000226785
2806 0.000337979
2807 0.000261574
2808 0.000261574
2809 0.000261574
2810 0.000261574
2814 0.000304379
2815 0.000304379
2816 0.000304379
2817 0.000235570
2818 0.000235570
2819 0.000276855
2820 0.000276855
2821 0.000276855
2822 0.000276855
2823 0.000276855
2824 0.000327933
2825 0.000400801
2826 0.000250668
2827 0.000250668
2828 0.000179350
2885 0.000251710
3325 0.000288481
3326 0.000288481
3327 0.000288481
3328 0.000288481
3329 0.000288481
3330 0.000288481
3331 0.000288481
3332 0.000288481
3333 0.000288481
3334 0.000288481
3335 0.000288481
3336 0.000288481
3337 0.000288481
3338 0.000288481
3339 0.000288481
3340 0.000288481
3341 0.000288481
3342 0.000288481
3343 0.000288481
3344 0.000288481
3345 0.000288481
3346 0.000288481
3347 0.000288481
3348 0.000288481
2859 0.000276855
2860 0.000276855
2861 0.000276855
2862 0.000276855
2877 0.000337979
2878 0.000261574
2879 0.000261574
2883 0.000261574
2884 0.000261574
2880 0.000276855
2881 0.000276855
2882 0.000276855
2889 0.000080923
2907 0.000082650
2908 0.000082650
2949 0.000269998
3153 0.000268038
3432 0.000156961
3433 0.000156961
2950 0.000138744
2951 0.000138744
2956 0.000276855
2957 0.000276855
2986 0.000276855
2995 0.000276855
2998 0.000276855
3003 0.000276855
2965 0.000276855
2966 0.000276855
2967 0.000276855
2968 0.000276855
2969 0.000276855
2970 0.000276855
2971 0.000276855
2972 0.000276855
2978 0.000276855
2979 0.000276855
2980 0.000276855
2981 0.000276855
2982 0.000276855
2983 0.000276855
2984 0.000276855
2985 0.000276855
3010 0.000276855
3011 0.000276855
3012 0.000276855
3013 0.000276855
3014 0.000276855
3015 0.000276855
3016 0.000276855
3017 0.000276855
3018 0.000276855
3027 0.000276855
3028 0.000276855
3032 0.000276855
3033 0.000276855
3035 0.000529954
3036 0.000266285
3037 0.000266285
3039 0.000154126
3040 0.000154126
3038 0.000659858
3041 0.000153687
3047 0.000153687
3048 0.000153687
3042 0.000407142
3043 0.000273233
3044 0.000156879
3045 0.000273233
3046 0.000273788
3054 0.000276855
3055 0.000276855
3062 0.000276855
3063 0.000276855
3064 0.000276855
3067 0.000404075
3068 0.000213245
3076 0.000213245
3071 0.000276855
3072 0.000276855
3073 0.000276855
3074 0.000276855
3075 0.000276855
3079 0.000192041
3080 0.000531296
3628 0.000192041
3629 0.000192041
3082 0.000393211
3083 0.000125086
3194 0.000288659
3195 0.000288659
3196 0.000288659
3084 0.000276855
3085 0.000276855
3086 0.000276855
3087 0.000276855
3088 0.000192041
3089 0.000531296
3090 0.000192041
3622 0.000192041
3099 0.000531296
3100 0.000192041
3620 0.000192041
3621 0.000192041
3103 0.000276855
3104 0.000276855
3140 0.000276855
3141 0.000276855
3150 0.000204168
3151 0.000204168
3152 0.000157223
3154 0.000276855
3155 0.000276855
3165 0.000209678
3172 0.000276855
3173 0.000276855
3174 0.000276855
3176 0.000202298
3177 0.000315093
3178 0.000378620
3179 0.000315093
3180 0.000256776
3182 0.000320461
3181 0.000149644
3183 0.000276855
3184 0.000276855
3185 0.000276855
3199 0.000276855
3200 0.000276855
3201 0.000276855
3202 0.000276855
3203 0.000276855
3204 0.000276855
3205 0.000276855
3206 0.000276855
3207 0.000292265
3208 0.000292265
3209 0.000292265
3210 0.000292265
3211 0.000292265
3212 0.000428208
3495 0.000162652
3496 0.000162652
3222 0.000276855
3223 0.000276855
3243 0.000223869
3244 0.000319523
3245 0.000407373
3246 0.000319523
3247 0.000407373
3248 0.000407373
3249 0.000319523
3250 0.000319523
3251 0.000319523
3252 0.000319523
3253 0.000223869
3263 0.000223606
3264 0.000242853
3272 0.000311828
3276 0.000223772
3277 0.000223606
3271 0.000181110
3273 0.000181110
3274 0.000181110
3275 0.000181110
3255 0.000337979
3256 0.000261574
3257 0.000261574
3547 0.000261574
3565 0.000261574
3261 0.000404075
3262 0.000213245
3406 0.000213245
3265 0.000276855
3266 0.000276855
3267 0.000276855
3268 0.000276855
3269 0.000276855
3270 0.000276855
3278 0.000276855
3279 0.000276855
3280 0.000276855
3281 0.000276855
3282 0.000276855
3283 0.000276855
3284 0.000276855
3285 0.000269351
3287 0.000269351
3288 0.000269351
3289 0.000269351
3290 0.000269351
3291 0.000269351
3292 0.000269351
3293 0.000269351
3294 0.000269351
3295 0.000269351
3443 0.000125009
3444 0.000180208
3445 0.000125009
3299 0.000276855
3300 0.000276855
3301 0.000276855
3307 0.000294032
3308 0.000294032
3309 0.000265404
3310 0.000294032
3311 0.000294032
3312 0.000265404
3313 0.000265404
3401 0.000265404
3402 0.000265404
3403 0.000265404
3315 0.000276855
3316 0.000276855
3317 0.000276855
3318 0.000276855
3322 0.000276855
3323 0.000276855
3324 0.000276855
3355 0.000151994
3359 0.000151994
3362 0.000151994
3360 0.000276855
3361 0.000276855
3363 0.000276855
3364 0.000276855
3365 0.000276855
3366 0.000276855
3367 0.000276855
3368 0.000276855
3369 0.000276855
3370 0.000276855
3371 0.000276855
3372 0.000276855
3373 0.000276855
3374 0.000276855
3375 0.000276855
3376 0.000276855
3378 0.000276855
3379 0.000276855
3383 0.000276855
3384 0.000276855
3385 0.000276855
3386 0.000276855
3387 0.000276855
3396 0.000276855
3397 0.000276855
3398 0.000276855
3399 0.000276855
3400 0.000276855
3404 0.000276855
3405 0.000276855
3407 0.000276855
3408 0.000276855
3409 0.000276855
3410 0.000276855
3411 0.000276855
3413 0.000404075
3414 0.000213245
3419 0.000213245
3417 0.000276855
3418 0.000276855
3420 0.000276855
3421 0.000276855
3422 0.000276855
3423 0.000276855
3424 0.000276855
3425 0.000276855
3426 0.000276855
3427 0.000276855
3428 0.000276855
3429 0.000276855
3430 0.000276855
3431 0.000276855
3434 0.000276855
3435 0.000276855
3436 0.000276855
3437 0.000276855
3439 0.000276855
3440 0.000276855
3441 0.000276855
3442 0.000276855
3447 0.000404075
3448 0.000213245
3449 0.000213245
3451 0.000276855
3452 0.000276855
3453 0.000276855
3454 0.000276855
3455 0.000276855
3456 0.000276855
3457 0.000106348
3458 0.000381291
3475 0.000293373
3476 0.000293373
3477 0.000293373
3478 0.000293373
3469 0.000206576
3470 0.000206576
3463 0.000276855
3464 0.000276855
3471 0.000158588
3479 0.000214517
3480 0.000339193
3481 0.000339193
3482 0.000339193
3483 0.000214517
3484 0.000214517
3485 0.000276855
3486 0.000276855
3487 0.000276855
3492 0.000666819
3493 0.000170796
3494 0.000170796
3497 0.000239321
3498 0.000166016
3500 0.000166016
3501 0.000315728
3502 0.000259229
3503 0.000315728
3504 0.000315728
3505 0.000259229
3519 0.000276855
3520 0.000276855
3521 0.000276855
3527 0.000276855
3528 0.000276855
3529 0.000276855
3530 0.000276855
3534 0.000276855
3535 0.000276855
3536 0.000276855
3545 0.000276855
3546 0.000276855
3548 0.000276855
3549 0.000276855
3550 0.000276855
3558 0.000276855
3559 0.000276855
3560 0.000276855
3561 0.000276855
3577 0.000267431
3578 0.000267431
3579 0.000267431
3580 0.000178526
3581 0.000178526
3586 0.000276855
3587 0.000276855
3592 0.000276855
3593 0.000276855
3594 0.000276855
3595 0.000276855
3596 0.000276855
3597 0.000276855
3598 0.000276855
3599 0.000276855
3600 0.000276855
3601 0.000276855
3602 0.000276855
3603 0.000192041
3604 0.000531296
3614 0.000192041
3615 0.000192041
3607 0.000261888
3608 0.000152831
3609 0.000276855
3610 0.000276855
3618 0.000226785
3619 0.000326924
3631 0.000326924
3630 0.000226785
3632 0.000234448
3633 0.000340465
3634 0.000340465
3635 0.000234448
3636 0.000234448
3637 0.000276855
3638 0.000276855
3639 0.000276855
3640 0.000276855
3641 0.000276855
3642 0.000276855
3643 0.000276855
3644 0.000276855
3645 0.000276855
3646 0.000276855
3647 0.000276855
3648 0.000276855
3649 0.000276855
3650 0.000276855
3651 0.000276855
3652 0.000276855
3653 0.000276855
3654 0.000276855
3655 0.000276855
3656 0.000276855
3657 0.000276855
3658 0.000276855
3659 0.000276855
3660 0.000276855
3661 0.000276855
3662 0.000276855
3663 0.000213245
3664 0.000404075
3665 0.000213245
3668 0.000276855
3669 0.000276855
3670 0.000276855
3671 0.000276855
3673 0.000276855
3674 0.000276855
3675 0.000276855
3676 0.000276855
3677 0.000276855
3678 0.000276855
3679 0.000276855
3680 0.000276855
3681 0.000276855
3682 0.000276855
3683 0.000276855
3684 0.000276855
3685 0.000276855
3686 0.000276855
3687 0.000213245
3688 0.000404075
3689 0.000213245
