1270592 0.856525000

0 0.000355725
1 0.000272213
2 0.000217832
3 0.000180784
4 0.001319665
5 0.000302381
6 0.000211879
7 0.000152501
8 0.000129039
9 0.000165590
10 0.000669643
11 0.002125365
12 0.001202727
13 0.000180003
14 0.000180003
15 0.000165590
16 0.000070540
17 0.000177009
18 0.000105993
19 0.000268301
20 0.000165590
21 0.000490999
22 0.000463551
23 0.000479780
24 0.000112854
25 0.000068846
26 0.000112854
27 0.000112854
28 0.000068846
29 0.000111382
30 0.000197925
31 0.000127549
32 0.000127549
33 0.000111382
34 0.000189361
35 0.000251156
36 0.000235163
37 0.000574264
38 0.000165590
39 0.000165590
40 0.000127549
41 0.000127549
42 0.000164189
43 0.000164189
44 0.000303539
45 0.000280475
46 0.000127549
47 0.000127549
48 0.000066569
49 0.000673064
50 0.000154423
51 0.000164189
52 0.000161926
53 0.000161286
54 0.000130199
55 0.000130199
56 0.000130199
57 0.000130199
58 0.000081909
59 0.000081909
60 0.000081909
61 0.000154989
62 0.000165590
63 0.000396372
64 0.000396372
65 0.000077915
66 0.000114868
67 0.000114868
68 0.000114868
69 0.000231375
70 0.000088127
71 0.000268301
72 0.000105993
73 0.000114868
74 0.000114868
75 0.000114868
76 0.001036664
77 0.000265382
78 0.000265382
79 0.000105993
80 0.000105993
81 0.000105993
82 0.000095622
83 0.000160981
84 0.000095622
85 0.000095622
86 0.000095622
87 0.000095622
88 0.000229775
89 0.000122077
90 0.000482650
91 0.000347838
92 0.000208001
93 0.000424427
94 0.000219802
95 0.000122077
96 0.000161091
97 0.000306467
98 0.000105993
99 0.000268301
100 0.000105993
101 0.000105993
102 0.000252803
103 0.000082087
104 0.000252803
105 0.000268924
106 0.000119583
107 0.000105993
108 0.000268301
109 0.000214977
110 0.000165180
111 0.000197925
112 0.000111382
113 0.000143716
114 0.000143716
115 0.000084277
116 0.000143716
117 0.000127549
118 0.000127549
119 0.000105993
120 0.000089901
121 0.000165590
122 0.000102629
123 0.000417434
124 0.000102629
125 0.000102629
126 0.000102629
127 0.000347299
128 0.000145630
129 0.000094696
130 0.000094696
131 0.000145630
132 0.000412695
133 0.000127549
134 0.000127549
135 0.001328456
136 0.000124440
137 0.000127549
138 0.000127549
139 0.000121966
140 0.000171173
141 0.000171173
142 0.000121966
143 0.000127549
144 0.000127549
145 0.000105993
146 0.000105993
147 0.000127549
148 0.000127549
149 0.000096424
150 0.000096424
151 0.000096424
152 0.000096424
153 0.000096424
154 0.000096424
155 0.000096424
156 0.000096424
157 0.000096424
158 0.000096424
159 0.000096424
160 0.000261183
161 0.000092341
162 0.000127549
163 0.000127549
164 0.000274008
165 0.000149423
166 0.000274008
167 0.000149423
168 0.000149423
169 0.000149423
170 0.000082087
171 0.000082087
172 0.000111382
173 0.000127549
174 0.000127549
175 0.000111382
176 0.000197925
177 0.001038604
178 0.000455595
179 0.000102596
180 0.000063717
181 0.000108528
182 0.000108528
183 0.000108528
184 0.000108528
185 0.000231358
186 0.000102137
187 0.000142318
188 0.000111382
189 0.000098377
190 0.000227906
191 0.000165590
192 0.000165590
193 0.000161195
194 0.000123139
195 0.000087088
196 0.000127549
197 0.000127549
198 0.000197054
199 0.000197054
200 0.000067253
201 0.000197054
202 0.000197054
203 0.000127549
204 0.000127549
205 0.000165590
206 0.000437977
207 0.000090799
208 0.000140072
209 0.000165590
210 0.000164189
211 0.000165590
212 0.000117961
213 0.000140682
214 0.000165590
215 0.000090799
216 0.000081850
217 0.000165590
218 0.000165590
219 0.000081850
220 0.000165590
221 0.000114868
222 0.000114868
223 0.000114868
224 0.000088187
225 0.000088187
226 0.000148819
227 0.000225390
228 0.000095683
229 0.000143176
230 0.000143176
231 0.000143176
232 0.000143176
233 0.000143176
234 0.000143176
235 0.000143176
236 0.000143176
237 0.000072273
238 0.000143176
239 0.006223131
240 0.000658024
241 0.000127549
242 0.000127549
243 0.000358557
244 0.000508841
245 0.000074380
246 0.000221480
247 0.000097166
248 0.000204968
249 0.000079535
250 0.000134232
251 0.000209374
252 0.000142424
253 0.000197925
254 0.000111382
255 0.000146465
256 0.000127549
257 0.000127549
258 0.000097903
259 0.000142443
260 0.000672178
261 0.000133718
262 0.000259997
263 0.000173426
264 0.000203632
265 0.000203632
266 0.000160042
267 0.000092759
268 0.000160042
269 0.000085562
270 0.000155355
271 0.000089663
272 0.000089663
273 0.000227202
274 0.000089663
275 0.000240171
276 0.000073600
277 0.000122361
278 0.000090531
279 0.000090531
280 0.000310118
281 0.000099746
282 0.000374641
283 0.000254216
284 0.000127549
285 0.000127549
286 0.000161682
287 0.000117651
288 0.000608986
289 0.000161682
290 0.000165396
291 0.000203924
292 0.000203924
293 0.000111382
294 0.000165590
295 0.000108528
296 0.000108528
297 0.000108528
298 0.000108528
299 0.000253176
300 0.000082376
301 0.000082376
302 0.000082376
303 0.000218605
304 0.000091751
305 0.000091751
306 0.000091751
307 0.000091751
308 0.000091751
309 0.000091751
310 0.000091751
311 0.000091751
312 0.000091751
313 0.000091751
314 0.000091751
315 0.000151010
316 0.000080340
317 0.000080340
318 0.000734217
319 0.000694721
320 0.000080340
321 0.000080340
322 0.000080340
323 0.000080340
324 0.000650073
325 0.000073579
326 0.000073579
327 0.000166911
328 0.000087808
329 0.000087808
330 0.000087808
331 0.000087808
332 0.000147438
333 0.000087808
334 0.000087808
335 0.000087808
336 0.000087808
337 0.000087808
338 0.000087808
339 0.000087808
340 0.000087808
341 0.000087808
342 0.000087808
343 0.000087808
344 0.000087808
345 0.000087808
346 0.000087808
347 0.000087808
348 0.000087808
349 0.000087808
350 0.000087808
351 0.000087808
352 0.000087808
353 0.000087808
354 0.000087808
355 0.000087808
356 0.000087808
357 0.000087808
358 0.000087808
359 0.000087808
360 0.000087808
361 0.000087808
362 0.000087808
363 0.000087808
364 0.000087808
365 0.000087808
366 0.000087808
367 0.000087808
368 0.000087808
369 0.000087808
370 0.000087808
371 0.000087808
372 0.000087808
373 0.000087808
374 0.000087808
375 0.000140250
376 0.000140250
377 0.000140250
378 0.000073600
379 0.000072273
380 0.000165396
381 0.000165396
382 0.000079535
383 0.000240172
384 0.000127549
385 0.000127549
386 0.000098945
387 0.000098945
388 0.000146626
389 0.000146626
390 0.000142753
391 0.000082324
392 0.000658024
393 0.000212855
394 0.000146626
395 0.000089972
396 0.000114868
397 0.000114868
398 0.000114868
399 0.000338676
400 0.000103298
401 0.000103298
402 0.000103298
403 0.000089972
404 0.000145043
405 0.000206686
406 0.000338676
407 0.000103298
408 0.000198810
409 0.000201338
410 0.000142505
411 0.000127549
412 0.000127549
413 0.000145859
414 0.000145859
415 0.000145859
416 0.000082569
417 0.000204221
418 0.000116507
419 0.000144240
420 0.000060687
421 0.000471552
422 0.000208703
423 0.000086127
424 0.000208703
425 0.000142961
426 0.000136443
427 0.000136443
428 0.000136443
429 0.000136443
430 0.000136443
431 0.000136443
432 0.000136443
433 0.000080641
434 0.000136443
435 0.000080641
436 0.000107793
437 0.000107793
438 0.000107793
439 0.000183503
440 0.000126650
441 0.000219373
442 0.000089683
443 0.000463390
444 0.000123096
445 0.000089683
446 0.000089683
447 0.000328156
448 0.000149423
449 0.000274008
450 0.000093852
451 0.000128359
452 0.000093852
453 0.000171338
454 0.000093852
455 0.000128359
456 0.000114868
457 0.000114868
458 0.000114868
459 0.000103298
460 0.000132254
461 0.000145043
462 0.000602088
463 0.000183191
464 0.000104015
465 0.000104015
466 0.000141759
467 0.000081612
468 0.000108528
469 0.000108528
470 0.000108528
471 0.000108528
472 0.000127549
473 0.000127549
474 0.000100376
475 0.000100376
476 0.000100376
477 0.000100376
478 0.000100376
479 0.000100376
480 0.000100376
481 0.000098221
482 0.000200327
483 0.000326282
484 0.000070077
485 0.000118907
486 0.000070077
487 0.000138227
488 0.000070077
489 0.000070077
490 0.000092988
491 0.000092988
492 0.000092988
493 0.000127974
494 0.000081691
495 0.000369171
496 0.000073668
497 0.000073668
498 0.000073668
499 0.000073668
500 0.000073668
501 0.000073668
502 0.000073668
503 0.000073668
504 0.000073668
505 0.000073668
506 0.000340062
507 0.000340062
508 0.000073668
509 0.000187438
510 0.000134788
511 0.000134788
512 0.000536332
513 0.000089186
514 0.000089186
515 0.000168087
516 0.000070696
517 0.000078113
518 0.000177584
519 0.000127549
520 0.000127549
521 0.000137693
522 0.000137693
523 0.000137693
524 0.000137693
525 0.000081266
526 0.000137693
527 0.000081266
528 0.000137693
529 0.000137693
530 0.000086244
531 0.000086244
532 0.000086244
533 0.000405584
534 0.000086244
535 0.000086244
536 0.000086244
537 0.000405584
538 0.000086244
539 0.000055541
540 0.000114868
541 0.000114868
542 0.000114868
543 0.000127549
544 0.000127549
545 0.000241673
546 0.000241673
547 0.000079370
548 0.000079370
549 0.000127549
550 0.000127549
551 0.000225309
552 0.000164873
553 0.000159525
554 0.000128238
555 0.000096655
556 0.000078905
557 0.000096655
558 0.000121640
559 0.000182069
560 0.000121640
561 0.000108741
562 0.000180528
563 0.000096655
564 0.000108741
565 0.000108741
566 0.000180528
567 0.000180528
568 0.000108741
569 0.000103469
570 0.000165170
571 0.000096655
572 0.000158617
573 0.000112329
574 0.000112329
575 0.000373638
576 0.000206686
577 0.000145043
578 0.000298110
579 0.000083726
580 0.000083726
581 0.000083726
582 0.000083726
583 0.000083726
584 0.000055541
585 0.000149423
586 0.000930157
587 0.000079737
588 0.000134635
589 0.000111382
590 0.000197925
591 0.000054675
592 0.000114868
593 0.000114868
594 0.000114868
595 0.000197925
596 0.000111382
597 0.000127549
598 0.000127549
599 0.000197925
600 0.000111382
601 0.000178439
602 0.000127549
603 0.000127549
604 0.000108528
605 0.000108528
606 0.000108528
607 0.000108528
608 0.000111382
609 0.000127549
610 0.000127549
611 0.000191057
612 0.000071121
613 0.000191057
614 0.000127549
615 0.000127549
616 0.000127549
617 0.000127549
618 0.000127549
619 0.000127549
620 0.000175040
621 0.000104910
622 0.000063950
623 0.000100926
624 0.000100926
625 0.000063950
626 0.000063950
627 0.000100926
628 0.000127549
629 0.000127549
630 0.000641613
631 0.000061815
632 0.000061815
633 0.000061815
634 0.000061815
635 0.000061815
636 0.000061815
637 0.000061815
638 0.000158742
639 0.000091790
640 0.000091790
641 0.000091790
642 0.000158742
643 0.000189874
644 0.000109105
645 0.000105608
646 0.000105608
647 0.000091790
648 0.000091790
649 0.000091790
650 0.000110252
651 0.000103438
652 0.000096625
653 0.000143689
654 0.000143689
655 0.000080024
656 0.000136168
657 0.000136168
658 0.000150616
659 0.000085267
660 0.000132069
661 0.000085267
662 0.000085267
663 0.000085267
664 0.000142505
665 0.000142505
666 0.000201338
667 0.000165590
668 0.000165590
669 0.000130710
670 0.000130710
671 0.000130710
672 0.000130710
673 0.000060129
674 0.000130710
675 0.000165590
676 0.000099256
677 0.000620180
678 0.000099256
679 0.000099256
680 0.000099256
681 0.000099256
682 0.000317756
683 0.000317756
684 0.000099256
685 0.000099256
686 0.000099256
687 0.000197925
688 0.000111382
689 0.000200699
690 0.000091772
691 0.000091772
692 0.000091772
693 0.000091772
694 0.000110861
695 0.000083128
696 0.000083128
697 0.000083128
698 0.000083128
699 0.000082342
700 0.000082342
701 0.000082342
702 0.000082342
703 0.000075207
704 0.000075207
705 0.000200932
706 0.000075207
707 0.000075207
708 0.000075207
709 0.000075207
710 0.000175713
711 0.000105101
712 0.000114868
713 0.000114868
714 0.000114868
715 0.000197925
716 0.000111382
717 0.000081139
718 0.000306342
719 0.000306342
720 0.000306342
721 0.000165590
722 0.000200775
723 0.000239141
724 0.000390339
725 0.000301197
726 0.000376946
727 0.000445166
728 0.000283453
729 0.000390339
730 0.000445166
731 0.000081139
732 0.000081139
733 0.000081139
734 0.000081139
735 0.000165590
736 0.000161727
737 0.000279590
738 0.000141786
739 0.000112701
740 0.000141786
741 0.000038232
742 0.000141786
743 0.000274478
744 0.000051860
745 0.000051860
746 0.000051860
747 0.000070883
748 0.000187381
749 0.000105993
750 0.000268301
751 0.000105993
752 0.000105993
753 0.000111382
754 0.000127549
755 0.000127549
756 0.000100325
757 0.000158826
758 0.000127549
759 0.000127549
760 0.000072789
761 0.000072789
762 0.000072789
763 0.000072789
764 0.000127549
765 0.000127549
766 0.000095431
767 0.000095431
768 0.000095431
769 0.000127549
770 0.000127549
771 0.000159913
772 0.000104724
773 0.000104724
774 0.000104724
775 0.000104724
776 0.000104724
777 0.000085367
778 0.000085367
779 0.000085367
780 0.000085367
781 0.000085367
782 0.000085367
783 0.000085367
784 0.000081225
785 0.000081225
786 0.000081225
787 0.000165590
788 0.000165590
789 0.000114868
790 0.000114868
791 0.000114868
792 0.000094554
793 0.000094554
794 0.000167836
795 0.000114868
796 0.000114868
797 0.000114868
798 0.000127549
799 0.000127549
800 0.000305151
801 0.000080710
802 0.000305151
803 0.000128392
804 0.000128392
805 0.000076615
806 0.000214977
807 0.000080710
808 0.000080710
809 0.000080710
810 0.000081666
811 0.000081666
812 0.000076615
813 0.000107007
814 0.000107007
815 0.000189175
816 0.000107007
817 0.000189175
818 0.000107007
819 0.000107007
820 0.000107007
821 0.000197925
822 0.000111382
823 0.000127549
824 0.000127549
825 0.000092122
826 0.000092122
827 0.000092122
828 0.000203632
829 0.000165590
830 0.000191082
831 0.000067205
832 0.000067205
833 0.000144775
834 0.000082462
835 0.000082462
836 0.000091091
837 0.000091091
838 0.000070828
839 0.000070828
840 0.000070828
841 0.000165590
842 0.000203632
843 0.000114868
844 0.000114868
845 0.000114868
846 0.000165590
847 0.000165590
848 0.000104724
849 0.000104724
850 0.000104724
851 0.000104724
852 0.000104724
853 0.000085507
854 0.000085507
855 0.000089086
856 0.000089086
857 0.000089086
858 0.000089086
859 0.000089086
860 0.000089086
861 0.000163796
862 0.000089086
863 0.000089086
864 0.000221780
865 0.000089086
866 0.000089086
867 0.000089086
868 0.000089086
869 0.000089086
870 0.000089086
871 0.000089086
872 0.000089086
873 0.000089086
874 0.000089086
875 0.000089086
876 0.000089086
877 0.000089086
878 0.000089086
879 0.000154050
880 0.000089086
881 0.000089086
882 0.000089086
883 0.000089086
884 0.000089086
885 0.000089086
886 0.000089086
887 0.000116612
888 0.000116612
889 0.000116612
890 0.000070725
891 0.000116612
892 0.000116612
893 0.000116612
894 0.000116612
895 0.000070725
896 0.000080125
897 0.000080125
898 0.000114868
899 0.000114868
900 0.000114868
901 0.000102188
902 0.000102188
903 0.000102188
904 0.000102188
905 0.000102188
906 0.000102188
907 0.000094262
908 0.000094262
909 0.000094262
910 0.000094262
911 0.000094262
912 0.000094262
913 0.000094262
914 0.000094262
915 0.000094262
916 0.000094262
917 0.000094262
918 0.000094262
919 0.000094262
920 0.000094262
921 0.000094262
922 0.000094262
923 0.000174600
924 0.000243794
925 0.000319152
926 0.000174600
927 0.000324361
928 0.000320589
929 0.000148946
930 0.000148946
931 0.000148946
932 0.000086892
933 0.000086892
934 0.000086892
935 0.000086892
936 0.000086892
937 0.000127549
938 0.000127549
939 0.000114868
940 0.000114868
941 0.000114868
942 0.000214092
943 0.000118742
944 0.000214092
945 0.000165489
946 0.000072513
947 0.000072513
948 0.000073441
949 0.000119465
950 0.000214092
951 0.000119465
952 0.000119465
953 0.000119465
954 0.000119465
955 0.000119465
956 0.000116204
957 0.000176308
958 0.000165590
959 0.000127549
960 0.000127549
961 0.000189874
962 0.000109105
963 0.000105608
964 0.000105608
965 0.000252220
966 0.000262953
967 0.000082846
968 0.000114868
969 0.000114868
970 0.000114868
971 0.000165590
972 0.000203632
973 0.000203632
974 0.000114868
975 0.000114868
976 0.000114868
977 0.000165590
978 0.000203795
979 0.000091504
980 0.000165590
981 0.000165590
982 0.000165590
983 0.000165590
984 0.000165590
985 0.000165590
986 0.000165590
987 0.000165590
988 0.000165590
989 0.000165590
990 0.000165590
991 0.000165590
992 0.000165590
993 0.000165590
994 0.000165590
995 0.000165590
996 0.000165590
997 0.000302883
998 0.000457715
999 0.000104959
1000 0.000143420
1001 0.000342309
1002 0.000119136
1003 0.000160375
1004 0.000150085
1005 0.000143267
1006 0.000183070
1007 0.000146238
1008 0.000084277
1009 0.000143716
1010 0.000143716
1011 0.000143716
1012 0.000084277
1013 0.000108528
1014 0.000108528
1015 0.000108528
1016 0.000108528
1017 0.000165590
1018 0.000165590
1019 0.000165590
1020 0.000165590
1021 0.000165590
1022 0.000090491
1023 0.000108528
1024 0.000108528
1025 0.000108528
1026 0.000108528
1027 0.000091962
1028 0.000091962
1029 0.000091962
1030 0.000091962
1031 0.000091962
1032 0.000091962
1033 0.000091962
1034 0.000091962
1035 0.000091962
1036 0.000091962
1037 0.000091962
1038 0.000091962
1039 0.000091962
1040 0.000091962
1041 0.000091962
1042 0.000091962
1043 0.000091962
1044 0.000091962
1045 0.000091962
1046 0.000091962
1047 0.000091962
1048 0.000091962
1049 0.000091962
1050 0.000091962
1051 0.000091962
1052 0.000091962
1053 0.000091962
1054 0.000091962
1055 0.000091962
1056 0.000091962
1057 0.000091962
1058 0.000090916
1059 0.000090916
1060 0.000090916
1061 0.000090916
1062 0.000090916
1063 0.000090916
1064 0.000090916
1065 0.000090916
1066 0.000090916
1067 0.000090916
1068 0.000090916
1069 0.000090916
1070 0.000090916
1071 0.000090916
1072 0.000090916
1073 0.000090916
1074 0.000090916
1075 0.000090916
1076 0.000090916
1077 0.000090916
1078 0.000090916
1079 0.000090916
1080 0.000090916
1081 0.000090916
1082 0.000090916
1083 0.000090916
1084 0.000090916
1085 0.000090916
1086 0.000090916
1087 0.000090916
1088 0.000090916
1089 0.000090916
1090 0.000090916
1091 0.000090916
1092 0.000090916
1093 0.000090916
1094 0.000090916
1095 0.000090916
1096 0.000090916
1097 0.000090916
1098 0.000090916
1099 0.000090916
1100 0.000090916
1101 0.000090916
1102 0.000090916
1103 0.000090916
1104 0.000090916
1105 0.000090916
1106 0.000090916
1107 0.000090916
1108 0.000090916
1109 0.000090916
1110 0.000090916
1111 0.000090916
1112 0.000158970
1113 0.000094968
1114 0.000410770
1115 0.000201849
1116 0.000142255
1117 0.000127549
1118 0.000127549
1119 0.000176581
1120 0.000252452
1121 0.000252452
1122 0.000292080
1123 0.000129358
1124 0.000129358
1125 0.000129358
1126 0.000129358
1127 0.000114868
1128 0.000114868
1129 0.000114868
1130 0.000108528
1131 0.000108528
1132 0.000108528
1133 0.000108528
1134 0.000127549
1135 0.000127549
1136 0.000114868
1137 0.000114868
1138 0.000114868
1139 0.000157167
1140 0.000090413
1141 0.000090413
1142 0.000090413
1143 0.000090413
1144 0.000090413
1145 0.000090413
1146 0.000090413
1147 0.000157167
1148 0.000090413
1149 0.000090413
1150 0.000090413
1151 0.000090413
1152 0.000090413
1153 0.000090413
1154 0.000090413
1155 0.000065835
1156 0.000209609
1157 0.000282485
1158 0.000065835
1159 0.000364913
1160 0.000127549
1161 0.000127549
1162 0.000127549
1163 0.000127549
1164 0.000127549
1165 0.000127549
1166 0.000127549
1167 0.000127549
1168 0.000127549
1169 0.000127549
1170 0.000278323
1171 0.000061431
1172 0.000061409
1173 0.000250731
1174 0.000061409
1175 0.000176050
1176 0.000100444
1177 0.000100444
1178 0.000100444
1179 0.000848743
1180 0.000095414
1181 0.000230100
1182 0.000369906
1183 0.000097253
1184 0.000155319
1185 0.000095414
1186 0.000098791
1187 0.000127549
1188 0.000127549
1189 0.000080125
1190 0.000080125
1191 0.000176581
1192 0.000252452
1193 0.000252452
1194 0.000197125
1195 0.000162153
1196 0.000044429
1197 0.000044429
1198 0.000197125
1199 0.000197125
1200 0.000162153
1201 0.000332416
1202 0.000274281
1203 0.000332416
1204 0.000274281
1205 0.000147140
1206 0.000176581
1207 0.000069219
1208 0.000113600
1209 0.000113600
1210 0.000113600
1211 0.000113600
1212 0.000113600
1213 0.000113600
1214 0.000113600
1215 0.000113600
1216 0.000056557
1217 0.000220615
1218 0.000220615
1219 0.000220615
1220 0.000155088
1221 0.000069219
1222 0.000105993
1223 0.000268301
1224 0.000105993
1225 0.000095414
1226 0.000162139
1227 0.000170556
1228 0.000095414
1229 0.000095414
1230 0.000095414
1231 0.000095414
1232 0.000095414
1233 0.000097253
1234 0.000097253
1235 0.000103643
1236 0.000177518
1237 0.000105611
1238 0.000338676
1239 0.000103298
1240 0.000103298
1241 0.000103298
1242 0.000103298
1243 0.000110374
1244 0.000197738
1245 0.000197738
1246 0.000197738
1247 0.000069448
1248 0.000068341
1249 0.000140522
1250 0.000303164
1251 0.000190698
1252 0.000303164
1253 0.000240874
1254 0.000190698
1255 0.000190698
1256 0.000297485
1257 0.000197925
1258 0.000111382
1259 0.000111382
1260 0.000169451
1261 0.000124406
1262 0.000074622
1263 0.000265447
1264 0.000074622
1265 0.000116612
1266 0.000116612
1267 0.000070725
1268 0.000116612
1269 0.000116612
1270 0.000116612
1271 0.000116612
1272 0.000116612
1273 0.000090504
1274 0.000090504
1275 0.000090504
1276 0.000192323
1277 0.000090504
1278 0.000090504
1279 0.000205657
1280 0.000205657
1281 0.000205657
1282 0.000205657
1283 0.000205657
1284 0.000205657
1285 0.000205657
1286 0.000176275
1287 0.000176275
1288 0.000090504
1289 0.000090504
1290 0.000090504
1291 0.000205657
1292 0.000205657
1293 0.000090504
1294 0.000090504
1295 0.000159018
1296 0.000205657
1297 0.000090504
1298 0.000090504
1299 0.000090504
1300 0.000090504
1301 0.000090504
1302 0.000090504
1303 0.000176275
1304 0.000090504
1305 0.000090504
1306 0.000292188
1307 0.000166226
1308 0.000091528
1309 0.000183342
1310 0.000104090
1311 0.000104090
1312 0.000164968
1313 0.000164968
1314 0.000268046
1315 0.000165590
1316 0.000099018
1317 0.000099018
1318 0.000099018
1319 0.000099018
1320 0.000099018
1321 0.000099018
1322 0.000099018
1323 0.000099018
1324 0.000097961
1325 0.000097961
1326 0.000097961
1327 0.000097961
1328 0.000097961
1329 0.000097961
1330 0.000097961
1331 0.000097961
1332 0.000097961
1333 0.000317155
1334 0.000317155
1335 0.000317155
1336 0.000317155
1337 0.000295376
1338 0.000295376
1339 0.000317155
1340 0.000095360
1341 0.000095360
1342 0.000095360
1343 0.000095360
1344 0.000095360
1345 0.000095360
1346 0.000095360
1347 0.000095360
1348 0.000095360
1349 0.000095360
1350 0.000095360
1351 0.000095360
1352 0.000095360
1353 0.000102062
1354 0.000205140
1355 0.000084939
1356 0.000350102
1357 0.000229094
1358 0.000155517
1359 0.000155517
1360 0.000188884
1361 0.000095649
1362 0.000127549
1363 0.000127549
1364 0.000165590
1365 0.000070725
1366 0.000179436
1367 0.000106153
1368 0.000084939
1369 0.000084939
1370 0.000127549
1371 0.000127549
1372 0.000127549
1373 0.000127549
1374 0.000103298
1375 0.000103298
1376 0.000103298
1377 0.000100376
1378 0.000100376
1379 0.000100376
1380 0.000100376
1381 0.000100376
1382 0.000100376
1383 0.000100376
1384 0.000088303
1385 0.000088303
1386 0.000088303
1387 0.000088303
1388 0.000088303
1389 0.000088303
1390 0.000088303
1391 0.000088303
1392 0.000088303
1393 0.000088303
1394 0.000088303
1395 0.000088303
1396 0.000088303
1397 0.000088303
1398 0.000088303
1399 0.000209812
1400 0.000087204
1401 0.000087204
1402 0.000087204
1403 0.000087204
1404 0.000209812
1405 0.000086361
1406 0.000107577
1407 0.000107577
1408 0.000107577
1409 0.000107577
1410 0.000107577
1411 0.000107577
1412 0.000107577
1413 0.000066208
1414 0.000107577
1415 0.000107577
1416 0.000107577
1417 0.000107577
1418 0.000066208
1419 0.000111382
1420 0.000197925
1421 0.000111382
1422 0.000114868
1423 0.000114868
1424 0.000114868
1425 0.000060129
1426 0.000060129
1427 0.000100376
1428 0.000100376
1429 0.000100376
1430 0.000100376
1431 0.000100376
1432 0.000100376
1433 0.000100376
1434 0.000114868
1435 0.000114868
1436 0.000114868
1437 0.000074624
1438 0.000074624
1439 0.000168418
1440 0.000076047
1441 0.000121576
1442 0.000076047
1443 0.000168418
1444 0.000082966
1445 0.000082966
1446 0.000082966
1447 0.000247076
1448 0.000082966
1449 0.000114868
1450 0.000114868
1451 0.000114868
1452 0.000117210
1453 0.000117210
1454 0.000117210
1455 0.000071680
1456 0.000117386
1457 0.000071113
1458 0.000093130
1459 0.000093130
1460 0.000093130
1461 0.000093130
1462 0.000093130
1463 0.000093130
1464 0.000093130
1465 0.000093130
1466 0.000093130
1467 0.000093130
1468 0.000093130
1469 0.000093130
1470 0.000093130
1471 0.000093130
1472 0.000093130
1473 0.000093130
1474 0.000093130
1475 0.000093130
1476 0.000093130
1477 0.000093130
1478 0.000093130
1479 0.000071113
1480 0.000072811
1481 0.000197925
1482 0.000111382
1483 0.000143977
1484 0.000064501
1485 0.000188598
1486 0.000188598
1487 0.000100444
1488 0.000100444
1489 0.000100444
1490 0.000094132
1491 0.000094132
1492 0.000086130
1493 0.000086130
1494 0.000086130
1495 0.000086130
1496 0.000086130
1497 0.000176658
1498 0.000091728
1499 0.000080125
1500 0.000080125
1501 0.000208703
1502 0.000208703
1503 0.000086127
1504 0.000086127
1505 0.000110051
1506 0.000450899
1507 0.000237869
1508 0.000151184
1509 0.000079403
1510 0.000079403
1511 0.000113459
1512 0.000245088
1513 0.000245088
1514 0.000113459
1515 0.000114868
1516 0.000114868
1517 0.000114868
1518 0.000114868
1519 0.000114868
1520 0.000114868
1521 0.000122361
1522 0.000073600
1523 0.000073600
1524 0.000127549
1525 0.000127549
1526 0.000113459
1527 0.000113459
1528 0.000086127
1529 0.000110857
1530 0.000110857
1531 0.000165590
1532 0.000306342
1533 0.000118673
1534 0.000110051
1535 0.000110051
1536 0.000110051
1537 0.000110051
1538 0.000237869
1539 0.000118673
1540 0.000118673
1541 0.000165590
1542 0.000099018
1543 0.000099018
1544 0.000099018
1545 0.000099018
1546 0.000099018
1547 0.000099018
1548 0.000099018
1549 0.000099018
1550 0.000104090
1551 0.000104090
1552 0.000245088
1553 0.000245088
1554 0.000127549
1555 0.000127549
1556 0.000127549
1557 0.000127549
1558 0.000143716
1559 0.000143716
1560 0.000084277
1561 0.000143716
1562 0.000084277
1563 0.000127549
1564 0.000127549
1565 0.000134231
1566 0.000134231
1567 0.000080632
1568 0.000136425
1569 0.000080632
1570 0.000136425
1571 0.000136425
1572 0.000136425
1573 0.000080632
1574 0.000080632
1575 0.000127549
1576 0.000127549
1577 0.000127549
1578 0.000127549
1579 0.000127549
1580 0.000127549
1581 0.000127549
1582 0.000127549
1583 0.000127549
1584 0.000127549
1585 0.000127549
1586 0.000127549
1587 0.000104090
1588 0.000104090
1589 0.000183342
1590 0.000114868
1591 0.000114868
1592 0.000114868
1593 0.000089803
1594 0.000089803
1595 0.000089803
1596 0.000108528
1597 0.000108528
1598 0.000108528
1599 0.000108528
1600 0.000165590
1601 0.000127549
1602 0.000127549
1603 0.000165590
1604 0.000147421
1605 0.000103941
1606 0.000192981
1607 0.000103941
1608 0.000127549
1609 0.000127549
1610 0.000111382
1611 0.000096620
1612 0.000096620
1613 0.000127549
1614 0.000127549
1615 0.000065020
1616 0.000079784
1617 0.000079784
1618 0.000127549
1619 0.000127549
1620 0.000127549
1621 0.000127549
1622 0.000079370
1623 0.000079370
1624 0.000097961
1625 0.000097961
1626 0.000097961
1627 0.000097961
1628 0.000097961
1629 0.000097961
1630 0.000097961
1631 0.000097961
1632 0.000097961
1633 0.000127549
1634 0.000127549
1635 0.000091593
1636 0.000091593
1637 0.000108528
1638 0.000108528
1639 0.000108528
1640 0.000108528
1641 0.000101858
1642 0.000173733
1643 0.000101858
1644 0.000127549
1645 0.000127549
1646 0.000127549
1647 0.000127549
1648 0.000165590
1649 0.000165590
1650 0.000165590
1651 0.000165590
1652 0.000114868
1653 0.000114868
1654 0.000114868
1655 0.000094757
1656 0.000086052
1657 0.000086052
1658 0.000094757
1659 0.000099018
1660 0.000099018
1661 0.000099018
1662 0.000099018
1663 0.000099018
1664 0.000099018
1665 0.000099018
1666 0.000099018
1667 0.000111382
1668 0.000150214
1669 0.000836121
1670 0.000274902
1671 0.000150214
1672 0.000094819
1673 0.000150214
1674 0.000094819
1675 0.000150214
1676 0.000094819
1677 0.000094819
1678 0.000094819
1679 0.000094819
1680 0.000094819
1681 0.000094819
1682 0.000127549
1683 0.000127549
1684 0.000091745
1685 0.000091745
1686 0.000091745
1687 0.000091745
1688 0.000091745
1689 0.000091745
1690 0.000091745
1691 0.000091745
1692 0.000091745
1693 0.000091745
1694 0.000091745
1695 0.000091745
1696 0.000091745
1697 0.000091745
1698 0.000091745
1699 0.000091745
1700 0.000091745
1701 0.000091745
1702 0.000091745
1703 0.000091745
1704 0.000091745
1705 0.000091745
1706 0.000091745
1707 0.000091745
1708 0.000091745
1709 0.000091745
1710 0.000091745
1711 0.000091745
1712 0.000091745
1713 0.000091745
1714 0.000091745
1715 0.000091745
1716 0.000091745
1717 0.000091745
1718 0.000102188
1719 0.000102188
1720 0.000102188
1721 0.000102188
1722 0.000102188
1723 0.000102188
1724 0.000094942
1725 0.000094942
1726 0.000094942
1727 0.000094942
1728 0.000094942
1729 0.000094942
1730 0.000094942
1731 0.000094942
1732 0.000094942
1733 0.000094942
1734 0.000094942
1735 0.000094942
1736 0.000094942
1737 0.000094942
1738 0.000127549
1739 0.000127549
1740 0.000306342
1741 0.000118673
1742 0.000165590
1743 0.000165590
1744 0.000118673
1745 0.000118673
1746 0.000883107
1747 0.000105773
1748 0.000105773
1749 0.000105773
1750 0.000105773
1751 0.000105773
1752 0.000105773
1753 0.000065306
1754 0.000105773
1755 0.000676000
1756 0.000134152
1757 0.000758808
1758 0.000659006
1759 0.000083840
1760 0.000083840
1761 0.000083840
1762 0.000083840
1763 0.000083840
1764 0.000083840
1765 0.000083840
1766 0.000990492
1767 0.000989447
1768 0.000173529
1769 0.000173493
1770 0.000084023
1771 0.000352731
1772 0.000114868
1773 0.000114868
1774 0.000114868
1775 0.000081257
1776 0.000081257
1777 0.000081257
1778 0.000266393
1779 0.000221430
1780 0.000065306
1781 0.000067693
1782 0.000110548
1783 0.000110548
1784 0.000197900
1785 0.000197900
1786 0.000197900
1787 0.000096714
1788 0.000096714
1789 0.000096714
1790 0.000096714
1791 0.000096714
1792 0.000096714
1793 0.000104724
1794 0.000104724
1795 0.000104724
1796 0.000104724
1797 0.000104724
1798 0.000502810
1799 0.000128625
1800 0.000141897
1801 0.000177882
1802 0.000177882
1803 0.000129315
1804 0.000221679
1805 0.000084119
1806 0.000131946
1807 0.000279715
1808 0.000067693
1809 0.000112191
1810 0.000068515
1811 0.000222588
1812 0.000279715
1813 0.000235110
1814 0.000291762
1815 0.000157514
1816 0.000165590
1817 0.000068515
1818 0.000165590
1819 0.000161786
1820 0.000093312
1821 0.000161786
1822 0.000093312
1823 0.000127549
1824 0.000127549
1825 0.000079784
1826 0.000079784
1827 0.000262229
1828 0.000202599
1829 0.000113719
1830 0.000113719
1831 0.000099549
1832 0.000099549
1833 0.000113719
1834 0.000113719
1835 0.000079370
1836 0.000079370
1837 0.000214977
1838 0.000116204
1839 0.000448048
1840 0.000306978
1841 0.000071640
1842 0.000197366
1843 0.000071640
1844 0.000071640
1845 0.000071640
1846 0.000197366
1847 0.000106171
1848 0.000106171
1849 0.000106171
1850 0.000106171
1851 0.000079286
1852 0.000106171
1853 0.000106171
1854 0.000106171
1855 0.000106171
1856 0.000106171
1857 0.000106171
1858 0.000052983
1859 0.000052983
1860 0.000051724
1861 0.000127549
1862 0.000127549
1863 0.000114868
1864 0.000114868
1865 0.000114868
1866 0.000195071
1867 0.000195071
1868 0.000083924
1869 0.000083924
1870 0.000135986
1871 0.000080412
1872 0.000080412
1873 0.000084468
1874 0.000084468
1875 0.000084468
1876 0.000084468
1877 0.000084468
1878 0.000088557
1879 0.000152275
1880 0.000088557
1881 0.000088557
1882 0.000088557
1883 0.000152275
1884 0.000088557
1885 0.000152275
1886 0.000152275
1887 0.000152275
1888 0.000088557
1889 0.000088557
1890 0.000088557
1891 0.000088557
1892 0.000088557
1893 0.000120653
1894 0.000120653
1895 0.000120653
1896 0.000120653
1897 0.000120653
1898 0.000120653
1899 0.000120653
1900 0.000120653
1901 0.000048792
1902 0.000120653
1903 0.000120653
1904 0.000120653
1905 0.000120653
1906 0.000120653
1907 0.000120653
1908 0.000120653
1909 0.000048792
1910 0.000448048
1911 0.000448048
1912 0.000448048
1913 0.000448048
1914 0.000448048
1915 0.000306978
1916 0.000048792
1917 0.000306978
1918 0.000306978
1919 0.000306978
1920 0.000306978
1921 0.000306978
1922 0.000306978
1923 0.000306978
1924 0.000172892
1925 0.000172892
1926 0.000127549
1927 0.000127549
1928 0.000056557
1929 0.000090366
1930 0.000090366
1931 0.000090366
1932 0.000057602
1933 0.000090366
1934 0.000498108
1935 0.000057602
1936 0.000057231
1937 0.000091651
1938 0.000091651
1939 0.000059259
1940 0.000059259
1941 0.000059259
1942 0.000127549
1943 0.000127549
1944 0.000127549
1945 0.000127549
1946 0.000114868
1947 0.000114868
1948 0.000114868
1949 0.000197925
1950 0.000111382
1951 0.000118277
1952 0.000398592
1953 0.000149423
1954 0.000398592
1955 0.000118277
1956 0.000149423
1957 0.000118277
1958 0.000118277
1959 0.000149423
1960 0.000143716
1961 0.000143716
1962 0.000084277
1963 0.000143716
1964 0.000127549
1965 0.000127549
1966 0.000114868
1967 0.000114868
1968 0.000114868
1969 0.000294335
1970 0.000377947
1971 0.000114868
1972 0.000114868
1973 0.000114868
1974 0.000093312
1975 0.000161786
1976 0.000161786
1977 0.000093312
1978 0.000102188
1979 0.000102188
1980 0.000102188
1981 0.000102188
1982 0.000102188
1983 0.000102188
1984 0.000063126
1985 0.000101413
1986 0.000101413
1987 0.000101413
1988 0.000101413
1989 0.000101413
1990 0.000129146
1991 0.000101413
1992 0.000101413
1993 0.000101413
1994 0.000101413
1995 0.000101413
1996 0.000101413
1997 0.000101413
1998 0.000101413
1999 0.000059154
2000 0.000093353
2001 0.000093353
2002 0.000217415
2003 0.000120521
2004 0.000120521
2005 0.000072680
2006 0.000120521
2007 0.000120521
2008 0.000197925
2009 0.000111382
2010 0.000165590
2011 0.000165590
2012 0.000165879
2013 0.000165879
2014 0.000072837
2015 0.000072837
2016 0.000056944
2017 0.000089050
2018 0.000089050
2019 0.000133065
2020 0.000150531
2021 0.000150531
2022 0.000150531
2023 0.000150531
2024 0.000086319
2025 0.000056346
2026 0.000088276
2027 0.000088276
2028 0.000088276
2029 0.000088276
2030 0.000088276
2031 0.000188949
2032 0.000088276
2033 0.000188949
2034 0.000188949
2035 0.000088276
2036 0.000188949
2037 0.000088611
2038 0.000125512
2039 0.000088611
2040 0.000088611
2041 0.000125512
2042 0.000056725
2043 0.000088611
2044 0.000088611
2045 0.000088611
2046 0.000088611
2047 0.000088611
2048 0.000088611
2049 0.000781725
2050 0.000466458
2051 0.001126628
2052 0.000289810
2053 0.000466458
2054 0.000466458
2055 0.000289810
2056 0.000289810
2057 0.000289810
2058 0.000289810
2059 0.000781725
2060 0.001129368
2061 0.002653181
2062 0.000099770
2063 0.000464219
2064 0.000157631
2065 0.000127032
2066 0.000190678
2067 0.000273598
2068 0.000466917
2069 0.000522358
2070 0.000190678
2071 0.000190678
2072 0.000154423
2073 0.000088886
2074 0.000088886
2075 0.000088886
2076 0.000088886
2077 0.000088886
2078 0.000099922
2079 0.000099922
2080 0.000099922
2081 0.000099922
2082 0.000099922
2083 0.000099922
2084 0.000099922
2085 0.000074773
2086 0.000099922
2087 0.000099922
2088 0.000099922
2089 0.000074773
2090 0.000150560
2091 0.000099922
2092 0.000099922
2093 0.000099922
2094 0.000099922
2095 0.000099922
2096 0.000099922
2097 0.000099922
2098 0.000099922
2099 0.000099922
2100 0.000099922
2101 0.000099922
2102 0.000099922
2103 0.000099922
2104 0.000099922
2105 0.000099922
2106 0.000099922
2107 0.000074773
2108 0.000099922
2109 0.000099922
2110 0.000099922
2111 0.000099922
2112 0.000099922
2113 0.000099922
2114 0.000099922
2115 0.000099922
2116 0.000099922
2117 0.000099922
2118 0.000099922
2119 0.000099922
2120 0.000099922
2121 0.000099922
2122 0.000099922
2123 0.000099922
2124 0.000099922
2125 0.000099922
2126 0.000074773
2127 0.000099922
2128 0.000049988
2129 0.000049988
2130 0.000049988
2131 0.000049988
2132 0.000138613
2133 0.000353669
2134 0.000138613
2135 0.000353669
2136 0.000138613
2137 0.000138613
2138 0.000113629
2139 0.000114868
2140 0.000114868
2141 0.000114868
2142 0.000101119
2143 0.000101119
2144 0.000101119
2145 0.000179471
2146 0.000103191
2147 0.000103191
2148 0.000122077
2149 0.000208703
2150 0.000208703
2151 0.000086127
2152 0.000086127
2153 0.000086127
2154 0.002497670
2155 0.000060709
2156 0.000060709
2157 0.000060709
2158 0.000060709
2159 0.000241673
2160 0.000130237
2161 0.000063322
2162 0.000060709
2163 0.000060709
2164 0.000127549
2165 0.000127549
2166 0.000127549
2167 0.000127549
2168 0.000140591
2169 0.000140591
2170 0.000140591
2171 0.000140591
2172 0.000140591
2173 0.000101556
2174 0.000101556
2175 0.000060709
2176 0.000060709
2177 0.000105993
2178 0.000268301
2179 0.000090102
2180 0.000155365
2181 0.000221951
2182 0.000090102
2183 0.000105993
2184 0.000105993
2185 0.000060709
2186 0.000060709
2187 0.000089925
2188 0.000089925
2189 0.000127549
2190 0.000127549
2191 0.000060709
2192 0.000060709
2193 0.000081266
2194 0.000081266
2195 0.000060709
2196 0.000060709
2197 0.000060709
2198 0.000060709
2199 0.000060709
2200 0.000060709
2201 0.000060709
2202 0.000060709
2203 0.000060709
2204 0.000060709
2205 0.000060709
2206 0.000060709
2207 0.000060709
2208 0.000067253
2209 0.000060709
2210 0.000060709
2211 0.000060709
2212 0.000060709
2213 0.000060709
2214 0.000060709
2215 0.000063873
2216 0.000063873
2217 0.000060709
2218 0.000060709
2219 0.000060709
2220 0.000060709
2221 0.000060709
2222 0.000060709
2223 0.000085878
2224 0.000085878
2225 0.000085878
2226 0.000085878
2227 0.000060709
2228 0.000060709
2229 0.000060709
2230 0.000060709
2231 0.000080125
2232 0.000080125
2233 0.000060709
2234 0.000060709
2235 0.000078156
2236 0.000078156
2237 0.000060709
2238 0.000060709
2239 0.002085861
2240 0.000067105
2241 0.000077915
2242 0.000086127
2243 0.000208703
2244 0.000208703
2245 0.000086127
2246 0.000086127
2247 0.000108528
2248 0.000108528
2249 0.000108528
2250 0.000108528
2251 0.000067105
2252 0.000067105
2253 0.000067105
2254 0.000111382
2255 0.000067105
2256 0.000067105
2257 0.000198994
2258 0.000046298
2259 0.000198994
2260 0.000060700
2261 0.000198994
2262 0.000127549
2263 0.000127549
2264 0.000161786
2265 0.000161786
2266 0.000093312
2267 0.000100376
2268 0.000100376
2269 0.000100376
2270 0.000100376
2271 0.000100376
2272 0.000100376
2273 0.000100376
2274 0.000067105
2275 0.000067105
2276 0.000067105
2277 0.000090064
2278 0.000090064
2279 0.000090064
2280 0.000090064
2281 0.000090064
2282 0.000090064
2283 0.000126383
2284 0.000090064
2285 0.000090064
2286 0.000090064
2287 0.000090064
2288 0.000067105
2289 0.000067105
2290 0.000067105
2291 0.000067105
2292 0.000067105
2293 0.000127549
2294 0.000127549
2295 0.000127411
2296 0.000067105
2297 0.000073599
2298 0.000067105
2299 0.000067105
2300 0.000073599
2301 0.000073599
2302 0.000067105
2303 0.000067105
2304 0.000060709
2305 0.000067105
2306 0.000067105
2307 0.000089901
2308 0.000067105
2309 0.000067105
2310 0.000089901
2311 0.000067105
2312 0.000067105
2313 0.000089901
2314 0.000089901
2315 0.000067105
2316 0.000067105
2317 0.000089901
2318 0.000089901
2319 0.000089901
2320 0.000067105
2321 0.000077915
2322 0.000077915
2323 0.000077915
2324 0.000077915
2325 0.000077915
2326 0.000067105
2327 0.000086127
2328 0.000086127
2329 0.000067105
2330 0.000067105
2331 0.000129451
2332 0.000129451
2333 0.000234064
2334 0.000129451
2335 0.000098458
2336 0.000098458
2337 0.000061310
2338 0.000098458
2339 0.000098458
2340 0.000098458
2341 0.000098458
2342 0.000098458
2343 0.000098458
2344 0.000321004
2345 0.000098458
2346 0.000098458
2347 0.000061987
2348 0.000061987
2349 0.000129451
2350 0.000197925
2351 0.000111382
2352 0.000111382
2353 0.000093312
2354 0.000127549
2355 0.000127549
2356 0.000127549
2357 0.000127549
2358 0.000077065
2359 0.000068348
2360 0.000068348
2361 0.000068348
2362 0.000068348
2363 0.000127549
2364 0.000127549
2365 0.000479428
2366 0.000100603
2367 0.000100603
2368 0.000100603
2369 0.000100603
2370 0.000100376
2371 0.000100376
2372 0.000100376
2373 0.000100376
2374 0.000100376
2375 0.000100376
2376 0.000100376
2377 0.000100603
2378 0.000100603
2379 0.000197925
2380 0.000111382
2381 0.000111382
2382 0.000067105
2383 0.000067105
2384 0.000067105
2385 0.000067105
2386 0.000067105
2387 0.000067105
2388 0.000067105
2389 0.000067105
2390 0.000067105
2391 0.000095508
2392 0.000095508
2393 0.000095508
2394 0.000114868
2395 0.000114868
2396 0.000114868
2397 0.000283955
2398 0.000232986
2399 0.000127549
2400 0.000127549
2401 0.000232986
2402 0.000104724
2403 0.000104724
2404 0.000104724
2405 0.000104724
2406 0.000104724
2407 0.000127549
2408 0.000127549
2409 0.000127549
2410 0.000127549
2411 0.000269741
2412 0.000165590
2413 0.000324406
2414 0.000241673
2415 0.000241673
2416 0.000241673
2417 0.000324406
2418 0.000324406
2419 0.000108528
2420 0.000108528
2421 0.000108528
2422 0.000108528
2423 0.000165590
2424 0.000269741
2425 0.000401622
2426 0.000277594
2427 0.000268185
2428 0.000401622
2429 0.000477417
2430 0.000205753
2431 0.000277594
2432 0.000205753
2433 0.000089901
2434 0.000822093
2435 0.000621610
2436 0.000185713
2437 0.000225453
2438 0.000064864
2439 0.000477430
2440 0.000194544
2441 0.000097433
2442 0.000229033
2443 0.000224746
2444 0.000380682
2445 0.000185713
2446 0.000194521
2447 0.000229156
2448 0.000229156
2449 0.000081399
2450 0.000109680
2451 0.000194521
2452 0.000081399
2453 0.000109680
2454 0.000081399
2455 0.000070234
2456 0.000161025
2457 0.000161025
2458 0.000161025
2459 0.000161025
2460 0.000111382
2461 0.000197925
2462 0.000111382
2463 0.000070234
2464 0.000070234
2465 0.000268185
2466 0.000269354
2467 0.000104724
2468 0.000104724
2469 0.000104724
2470 0.000104724
2471 0.000104724
2472 0.000682953
2473 0.000156461
2474 0.000682953
2475 0.000682953
2476 0.000682953
2477 0.000156461
2478 0.000156461
2479 0.000156461
2480 0.000156461
2481 0.000156461
2482 0.000156461
2483 0.000156461
2484 0.000156461
2485 0.000156461
2486 0.000197925
2487 0.000111382
2488 0.000111382
2489 0.000214699
2490 0.000214699
2491 0.000391763
2492 0.000214699
2493 0.000391763
2494 0.000214699
2495 0.000214699
2496 0.000079784
2497 0.000079784
2498 0.000145164
2499 0.000145164
2500 0.000145164
2501 0.000145164
2502 0.000145164
2503 0.000145164
2504 0.000064166
2505 0.000103494
2506 0.000064166
2507 0.000066509
2508 0.000066509
2509 0.000066509
2510 0.000214699
2511 0.000214699
2512 0.000214699
2513 0.000214699
2514 0.000214699
2515 0.000127549
2516 0.000127549
2517 0.000214699
2518 0.000214699
2519 0.000241673
2520 0.000241673
2521 0.000293444
2522 0.000218779
2523 0.000149928
2524 0.000293444
2525 0.000218779
2526 0.000089186
2527 0.000089186
2528 0.000089901
2529 0.000089901
2530 0.000165590
2531 0.000241673
2532 0.000114868
2533 0.000114868
2534 0.000114868
2535 0.000205639
2536 0.000136298
2537 0.000219799
2538 0.000154812
2539 0.000164820
2540 0.000117651
2541 0.000161682
2542 0.000154812
2543 0.000154812
2544 0.000219799
2545 0.000049878
2546 0.000062747
2547 0.000062747
2548 0.000417355
2549 0.000127549
2550 0.000127549
2551 0.000255620
2552 0.000082534
2553 0.000255620
2554 0.000082534
2555 0.000082534
2556 0.000082534
2557 0.000100898
2558 0.000100898
2559 0.000067105
2560 0.000123915
2561 0.000074377
2562 0.000067105
2563 0.000165590
2564 0.000069539
2565 0.000069539
2566 0.000263853
2567 0.000114868
2568 0.000114868
2569 0.000114868
2570 0.000067105
2571 0.000067105
2572 0.000238741
2573 0.000096139
2574 0.000304449
2575 0.000098459
2576 0.000158550
2577 0.000091282
2578 0.000062317
2579 0.000039529
2580 0.000054220
2581 0.000054220
2582 0.000039529
2583 0.000038172
2584 0.000070399
2585 0.000070399
2586 0.000070399
2587 0.000096139
2588 0.000096139
2589 0.000067105
2590 0.000127549
2591 0.000127549
2592 0.000078871
2593 0.000078871
2594 0.000113645
2595 0.000113645
2596 0.000095848
2597 0.000095848
2598 0.000095848
2599 0.000095848
2600 0.000095848
2601 0.000095848
2602 0.000095848
2603 0.000095848
2604 0.000095848
2605 0.000095848
2606 0.000095848
2607 0.000095848
2608 0.000161682
2609 0.000108528
2610 0.000108528
2611 0.000108528
2612 0.000108528
2613 0.000080242
2614 0.000145107
2615 0.000118310
2616 0.000145107
2617 0.000074883
2618 0.000150287
2619 0.000098459
2620 0.000231482
2621 0.000233135
2622 0.000080571
2623 0.000235675
2624 0.000125407
2625 0.000099363
2626 0.000099052
2627 0.000064322
2628 0.000102408
2629 0.000116047
2630 0.000071211
2631 0.000088735
2632 0.000127549
2633 0.000127549
2634 0.000146491
2635 0.000138613
2636 0.000127549
2637 0.000127549
2638 0.000075585
2639 0.000075585
2640 0.000126332
2641 0.000220622
2642 0.000097004
2643 0.000097004
2644 0.000277655
2645 0.000183562
2646 0.000134162
2647 0.000129181
2648 0.000268301
2649 0.000105993
2650 0.000127549
2651 0.000127549
2652 0.000268301
2653 0.000105993
2654 0.000105993
2655 0.000105993
2656 0.000127549
2657 0.000127549
2658 0.000105608
2659 0.000105608
2660 0.000189874
2661 0.000109105
2662 0.000127549
2663 0.000127549
2664 0.000100376
2665 0.000100376
2666 0.000100376
2667 0.000100376
2668 0.000100376
2669 0.000100376
2670 0.000100376
2671 0.000108528
2672 0.000108528
2673 0.000108528
2674 0.000108528
2675 0.000161786
2676 0.000093312
2677 0.000161786
2678 0.000093312
2679 0.000129451
2680 0.000234064
2681 0.000129451
2682 0.000099003
2683 0.000154150
2684 0.000129451
2685 0.000129451
2686 0.000158210
2687 0.000119936
2688 0.000073498
2689 0.000158720
2690 0.000083263
2691 0.000100296
2692 0.000206686
2693 0.000145043
2694 0.000145043
2695 0.000127549
2696 0.000127549
2697 0.000197925
2698 0.000111382
2699 0.000249982
2700 0.000077913
2701 0.000077913
2702 0.000077913
2703 0.000090758
2704 0.000114868
2705 0.000114868
2706 0.000114868
2707 0.000179447
2708 0.000127549
2709 0.000127549
2710 0.000172192
2711 0.000088166
2712 0.000088166
2713 0.000127549
2714 0.000127549
2715 0.000130865
2716 0.000166217
2717 0.000238787
2718 0.000111382
2719 0.000061123
2720 0.000061123
2721 0.000197925
2722 0.000111382
2723 0.000089131
2724 0.000152580
2725 0.000152580
2726 0.000125521
2727 0.000208626
2728 0.000152580
2729 0.000074450
2730 0.000818627
2731 0.000818627
2732 0.000074450
2733 0.000074450
2734 0.000074450
2735 0.000074450
2736 0.000074450
2737 0.000074450
2738 0.000074450
2739 0.000074450
2740 0.000074450
2741 0.000074450
2742 0.000074450
2743 0.000074450
2744 0.000074450
2745 0.000074450
2746 0.000074450
2747 0.000422866
2748 0.000080910
2749 0.000249124
2750 0.000080910
2751 0.000080910
2752 0.000114868
2753 0.000114868
2754 0.000114868
2755 0.000086523
2756 0.000148208
2757 0.000390812
2758 0.000086523
2759 0.000096685
2760 0.000096685
2761 0.000131675
2762 0.000184325
2763 0.000130947
2764 0.000080735
2765 0.000337053
2766 0.000139185
2767 0.000156321
2768 0.000097813
2769 0.000097813
2770 0.000147143
2771 0.000085991
2772 0.000085991
2773 0.000088329
2774 0.000161911
2775 0.000125521
2776 0.000105993
2777 0.000105993
2778 0.000079220
2779 0.000086523
2780 0.000086523
2781 0.000157789
2782 0.000292037
2783 0.000079575
2784 0.000240296
2785 0.000079575
2786 0.000186831
2787 0.000080274
2788 0.000091761
2789 0.000091761
2790 0.000163014
2791 0.000088484
2792 0.000154367
2793 0.000127130
2794 0.000126298
2795 0.000080910
2796 0.000226428
2797 0.000175129
2798 0.000161786
2799 0.000161786
2800 0.000093312
2801 0.000093312
2802 0.000099368
2803 0.000099368
2804 0.000094180
2805 0.000111382
2806 0.000234064
2807 0.000129451
2808 0.000129451
2809 0.000129451
2810 0.000129451
2811 0.000061409
2812 0.000070432
2813 0.000070432
2814 0.000175035
2815 0.000175035
2816 0.000175035
2817 0.000075341
2818 0.000075341
2819 0.000208311
2820 0.000220313
2821 0.000220313
2822 0.000127549
2823 0.000127549
2824 0.000178948
2825 0.000280981
2826 0.000125960
2827 0.000125960
2828 0.000078738
2829 0.000064501
2830 0.000067253
2831 0.000080210
2832 0.000080210
2833 0.000080210
2834 0.000080210
2835 0.000080210
2836 0.000080210
2837 0.000080210
2838 0.000080210
2839 0.000080210
2840 0.000060774
2841 0.000060774
2842 0.000069809
2843 0.000069809
2844 0.000069809
2845 0.000166817
2846 0.000166817
2847 0.000166817
2848 0.000166817
2849 0.000166817
2850 0.000172026
2851 0.000170589
2852 0.000174600
2853 0.000174600
2854 0.000067264
2855 0.000108865
2856 0.000163253
2857 0.000211034
2858 0.000163253
2859 0.000127549
2860 0.000127549
2861 0.000127549
2862 0.000127549
2863 0.000095574
2864 0.000095574
2865 0.000095574
2866 0.000095574
2867 0.000095574
2868 0.000095574
2869 0.000095574
2870 0.000095574
2871 0.000095574
2872 0.000095574
2873 0.000095574
2874 0.000095574
2875 0.000095574
2876 0.000095574
2877 0.000234064
2878 0.000129451
2879 0.000129451
2880 0.000114868
2881 0.000114868
2882 0.000114868
2883 0.000129451
2884 0.000129451
2885 0.000126872
2886 0.000079140
2887 0.000079140
2888 0.000079140
2889 0.000046940
2890 0.000079140
2891 0.000079140
2892 0.000079140
2893 0.000079140
2894 0.000231836
2895 0.000080210
2896 0.000080210
2897 0.000080210
2898 0.000080210
2899 0.000080210
2900 0.000080210
2901 0.000080210
2902 0.000080210
2903 0.000080210
2904 0.000072620
2905 0.000072620
2906 0.000072620
2907 0.000078668
2908 0.000078668
2909 0.000110868
2910 0.000155118
2911 0.000070832
2912 0.000038632
2913 0.000223528
2914 0.000223528
2915 0.000223528
2916 0.000070832
2917 0.000191328
2918 0.000120828
2919 0.000057038
2920 0.000057038
2921 0.000057038
2922 0.000057038
2923 0.000057038
2924 0.000057038
2925 0.000206562
2926 0.000038579
2927 0.000054201
2928 0.000220107
2929 0.000054201
2930 0.000054201
2931 0.000054201
2932 0.000220107
2933 0.000143567
2934 0.000150564
2935 0.000150564
2936 0.000132445
2937 0.000132445
2938 0.000135277
2939 0.000105904
2940 0.000220107
2941 0.000062099
2942 0.000036723
2943 0.000177535
2944 0.000071020
2945 0.000224313
2946 0.000048554
2947 0.000177535
2948 0.000177535
2949 0.000141042
2950 0.000094263
2951 0.000094263
2952 0.000070257
2953 0.000036669
2954 0.000142950
2955 0.000142950
2956 0.000203632
2957 0.000203632
2958 0.000069499
2959 0.000069499
2960 0.000153819
2961 0.000142563
2962 0.000131354
2963 0.000080884
2964 0.000080884
2965 0.000099018
2966 0.000099018
2967 0.000099018
2968 0.000099018
2969 0.000099018
2970 0.000099018
2971 0.000099018
2972 0.000099018
2973 0.000086892
2974 0.000086892
2975 0.000086892
2976 0.000086892
2977 0.000086892
2978 0.000114868
2979 0.000114868
2980 0.000114868
2981 0.000104724
2982 0.000104724
2983 0.000104724
2984 0.000104724
2985 0.000104724
2986 0.000203632
2987 0.000039240
2988 0.000039240
2989 0.000039240
2990 0.000039240
2991 0.000039240
2992 0.000039240
2993 0.000039240
2994 0.000039240
2995 0.000203632
2996 0.000072058
2997 0.000048354
2998 0.000203632
2999 0.000060514
3000 0.000048974
3001 0.000060514
3002 0.000048974
3003 0.000203632
3004 0.000037003
3005 0.000047538
3006 0.000036419
3007 0.000111382
3008 0.000104090
3009 0.000104090
3010 0.000102188
3011 0.000102188
3012 0.000102188
3013 0.000102188
3014 0.000102188
3015 0.000102188
3016 0.000114868
3017 0.000114868
3018 0.000114868
3019 0.000137683
3020 0.000165590
3021 0.000346211
3022 0.000150001
3023 0.000150001
3024 0.000150001
3025 0.000165590
3026 0.000165590
3027 0.000127549
3028 0.000127549
3029 0.000165590
3030 0.000165590
3031 0.000165590
3032 0.000279715
3033 0.000279715
3034 0.000165590
3035 0.000305860
3036 0.000157851
3037 0.000157851
3038 0.000377200
3039 0.000098658
3040 0.000098658
3041 0.000098078
3042 0.000237365
3043 0.000163117
3044 0.000100161
3045 0.000163117
3046 0.000164192
3047 0.000098078
3048 0.000098078
3049 0.000165590
3050 0.000089816
3051 0.000089816
3052 0.000089816
3053 0.000089816
3054 0.000127549
3055 0.000127549
3056 0.000080982
3057 0.000080982
3058 0.000084986
3059 0.000084986
3060 0.000084986
3061 0.000102062
3062 0.000114868
3063 0.000114868
3064 0.000114868
3065 0.000165590
3066 0.000165590
3067 0.000197925
3068 0.000111382
3069 0.000164235
3070 0.000258691
3071 0.000114868
3072 0.000114868
3073 0.000114868
3074 0.000127549
3075 0.000127549
3076 0.000111382
3077 0.000132363
3078 0.000116204
3079 0.000105993
3080 0.000268301
3081 0.000084277
3082 0.000185186
3083 0.000107779
3084 0.000108528
3085 0.000108528
3086 0.000108528
3087 0.000108528
3088 0.000105993
3089 0.000268301
3090 0.000105993
3091 0.000072891
3092 0.000063717
3093 0.000565180
3094 0.000565180
3095 0.000177909
3096 0.000295009
3097 0.000254444
3098 0.000295009
3099 0.000268301
3100 0.000105993
3101 0.000177909
3102 0.000254444
3103 0.000127549
3104 0.000127549
3105 0.000105970
3106 0.000105970
3107 0.000091425
3108 0.000091425
3109 0.000091425
3110 0.000091425
3111 0.000091425
3112 0.000091425
3113 0.000091425
3114 0.000091425
3115 0.000091425
3116 0.000091425
3117 0.000091425
3118 0.000091425
3119 0.000091425
3120 0.000091425
3121 0.000091425
3122 0.000422905
3123 0.000422905
3124 0.000422905
3125 0.000058011
3126 0.000068318
3127 0.000068318
3128 0.000068318
3129 0.000058011
3130 0.000058011
3131 0.000058011
3132 0.000058011
3133 0.000058011
3134 0.000058011
3135 0.000058011
3136 0.000058011
3137 0.000058011
3138 0.000058011
3139 0.000096010
3140 0.000127549
3141 0.000127549
3142 0.000060709
3143 0.000064652
3144 0.000058011
3145 0.000084034
3146 0.000084034
3147 0.000084034
3148 0.000084034
3149 0.000084034
3150 0.000146208
3151 0.000146208
3152 0.000088371
3153 0.000129455
3154 0.000127549
3155 0.000127549
3156 0.000273598
3157 0.000117671
3158 0.000117671
3159 0.000117671
3160 0.000117671
3161 0.000177909
3162 0.000060709
3163 0.000222759
3164 0.000123799
3165 0.000125865
3166 0.000123799
3167 0.000081669
3168 0.000081669
3169 0.000081669
3170 0.000081669
3171 0.000060709
3172 0.000114868
3173 0.000114868
3174 0.000114868
3175 0.000083040
3176 0.000072548
3177 0.000162422
3178 0.000216346
3179 0.000162422
3180 0.000114712
3181 0.000078763
3182 0.000123670
3183 0.000114868
3184 0.000114868
3185 0.000114868
3186 0.000092568
3187 0.000092568
3188 0.000092568
3189 0.000092568
3190 0.000092568
3191 0.000092568
3192 0.000092568
3193 0.000092568
3194 0.000102246
3195 0.000102246
3196 0.000102246
3197 0.000060709
3198 0.000056944
3199 0.000102188
3200 0.000102188
3201 0.000102188
3202 0.000102188
3203 0.000102188
3204 0.000102188
3205 0.000127549
3206 0.000127549
3207 0.000097757
3208 0.000097757
3209 0.000097757
3210 0.000097757
3211 0.000097757
3212 0.000175092
3213 0.000111382
3214 0.000061739
3215 0.000061739
3216 0.000061739
3217 0.000061739
3218 0.000061739
3219 0.000061739
3220 0.000056880
3221 0.000056725
3222 0.000127549
3223 0.000127549
3224 0.000082547
3225 0.000082547
3226 0.000082547
3227 0.000082547
3228 0.000082547
3229 0.000082547
3230 0.000082547
3231 0.000132786
3232 0.000078812
3233 0.000078812
3234 0.000070236
3235 0.000143930
3236 0.000274008
3237 0.000088128
3238 0.000088128
3239 0.000088128
3240 0.000088128
3241 0.000088128
3242 0.000074795
3243 0.000056039
3244 0.000147211
3245 0.000188172
3246 0.000147211
3247 0.000188172
3248 0.000188172
3249 0.000147211
3250 0.000147211
3251 0.000147211
3252 0.000147211
3253 0.000056039
3254 0.000145043
3255 0.000234064
3256 0.000129451
3257 0.000129451
3258 0.000149423
3259 0.000149423
3260 0.000060709
3261 0.000197925
3262 0.000111382
3263 0.000055100
3264 0.000085361
3265 0.000102188
3266 0.000102188
3267 0.000102188
3268 0.000102188
3269 0.000102188
3270 0.000102188
3271 0.000065800
3272 0.000096450
3273 0.000065800
3274 0.000065800
3275 0.000065800
3276 0.000055489
3277 0.000055100
3278 0.000100376
3279 0.000100376
3280 0.000100376
3281 0.000100376
3282 0.000100376
3283 0.000100376
3284 0.000100376
3285 0.000091579
3286 0.000142216
3287 0.000091579
3288 0.000091579
3289 0.000091579
3290 0.000091579
3291 0.000091579
3292 0.000091579
3293 0.000091579
3294 0.000091579
3295 0.000091579
3296 0.000048792
3297 0.000075476
3298 0.000175030
3299 0.000114868
3300 0.000114868
3301 0.000114868
3302 0.000132650
3303 0.000079367
3304 0.000407638
3305 0.000063126
3306 0.000060709
3307 0.000204175
3308 0.000204175
3309 0.000114507
3310 0.000204175
3311 0.000204175
3312 0.000114507
3313 0.000114507
3314 0.000060709
3315 0.000127549
3316 0.000127549
3317 0.000127549
3318 0.000127549
3319 0.000105993
3320 0.000088722
3321 0.000148900
3322 0.000114868
3323 0.000114868
3324 0.000114868
3325 0.000079227
3326 0.000079227
3327 0.000079227
3328 0.000079227
3329 0.000079227
3330 0.000079227
3331 0.000079227
3332 0.000079227
3333 0.000079227
3334 0.000079227
3335 0.000079227
3336 0.000079227
3337 0.000079227
3338 0.000079227
3339 0.000079227
3340 0.000079227
3341 0.000079227
3342 0.000079227
3343 0.000079227
3344 0.000079227
3345 0.000079227
3346 0.000079227
3347 0.000079227
3348 0.000079227
3349 0.000060709
3350 0.000104015
3351 0.000104015
3352 0.000096010
3353 0.000060709
3354 0.000096010
3355 0.000181746
3356 0.000370304
3357 0.000080641
3358 0.000159525
3359 0.000097298
3360 0.000127549
3361 0.000127549
3362 0.000097298
3363 0.000094942
3364 0.000094942
3365 0.000094942
3366 0.000094942
3367 0.000094942
3368 0.000094942
3369 0.000094942
3370 0.000094942
3371 0.000094942
3372 0.000094942
3373 0.000094942
3374 0.000094942
3375 0.000094942
3376 0.000094942
3377 0.000080641
3378 0.000127549
3379 0.000127549
3380 0.000060709
3381 0.000038383
3382 0.000038383
3383 0.000104724
3384 0.000104724
3385 0.000104724
3386 0.000104724
3387 0.000104724
3388 0.000105871
3389 0.000096010
3390 0.000096010
3391 0.000082709
3392 0.000060709
3393 0.000060709
3394 0.000061673
3395 0.000061431
3396 0.000104724
3397 0.000104724
3398 0.000104724
3399 0.000104724
3400 0.000104724
3401 0.000114507
3402 0.000114507
3403 0.000114507
3404 0.000127549
3405 0.000127549
3406 0.000111382
3407 0.000104724
3408 0.000104724
3409 0.000104724
3410 0.000104724
3411 0.000104724
3412 0.000052100
3413 0.000197925
3414 0.000111382
3415 0.000075585
3416 0.000075585
3417 0.000127549
3418 0.000127549
3419 0.000111382
3420 0.000127549
3421 0.000127549
3422 0.000114868
3423 0.000114868
3424 0.000114868
3425 0.000100376
3426 0.000100376
3427 0.000100376
3428 0.000100376
3429 0.000100376
3430 0.000100376
3431 0.000100376
3432 0.000071617
3433 0.000071617
3434 0.000108528
3435 0.000108528
3436 0.000108528
3437 0.000108528
3438 0.000060709
3439 0.000127549
3440 0.000127549
3441 0.000214977
3442 0.000116204
3443 0.000082835
3444 0.000140831
3445 0.000082835
3446 0.000111382
3447 0.000197925
3448 0.000111382
3449 0.000111382
3450 0.000060709
3451 0.000102188
3452 0.000102188
3453 0.000102188
3454 0.000102188
3455 0.000102188
3456 0.000102188
3457 0.000106912
3458 0.000182118
3459 0.000126978
3460 0.000118471
3461 0.000118471
3462 0.000118471
3463 0.000127549
3464 0.000127549
3465 0.000073708
3466 0.000073708
3467 0.000073708
3468 0.000073708
3469 0.000145534
3470 0.000145534
3471 0.000088156
3472 0.000046618
3473 0.000046618
3474 0.000046618
3475 0.000100045
3476 0.000100045
3477 0.000100045
3478 0.000100045
3479 0.000076194
3480 0.000178904
3481 0.000178904
3482 0.000178904
3483 0.000076194
3484 0.000076194
3485 0.000114868
3486 0.000114868
3487 0.000114868
3488 0.000074377
3489 0.000082858
3490 0.000082858
3491 0.000082858
3492 0.000318031
3493 0.000091051
3494 0.000091051
3495 0.000102174
3496 0.000102174
3497 0.000145722
3498 0.000085280
3499 0.000060709
3500 0.000085280
3501 0.000130936
3502 0.000077887
3503 0.000130936
3504 0.000130936
3505 0.000077887
3506 0.000088128
3507 0.000088128
3508 0.000088235
3509 0.000088235
3510 0.000088128
3511 0.000060709
3512 0.000088128
3513 0.000088128
3514 0.000088128
3515 0.000088128
3516 0.000088128
3517 0.000088128
3518 0.000088128
3519 0.000114868
3520 0.000114868
3521 0.000114868
3522 0.000075184
3523 0.000080125
3524 0.000080125
3525 0.000088128
3526 0.000088128
3527 0.000108528
3528 0.000108528
3529 0.000108528
3530 0.000108528
3531 0.000089925
3532 0.000089925
3533 0.000111382
3534 0.000114868
3535 0.000114868
3536 0.000114868
3537 0.000085016
3538 0.000136578
3539 0.000081066
3540 0.000136578
3541 0.000081066
3542 0.000091753
3543 0.000091753
3544 0.000080351
3545 0.000127549
3546 0.000127549
3547 0.000129451
3548 0.000114868
3549 0.000114868
3550 0.000114868
3551 0.000084277
3552 0.000079367
3553 0.000079367
3554 0.000079367
3555 0.000079737
3556 0.000080468
3557 0.000080468
3558 0.000127549
3559 0.000127549
3560 0.000127549
3561 0.000127549
3562 0.000079367
3563 0.000109338
3564 0.000109338
3565 0.000129451
3566 0.000072680
3567 0.000079367
3568 0.000060709
3569 0.000116152
3570 0.000116152
3571 0.000116152
3572 0.000116152
3573 0.000116152
3574 0.000116152
3575 0.000116152
3576 0.000116152
3577 0.000071329
3578 0.000071329
3579 0.000071329
3580 0.000225412
3581 0.000184581
3582 0.000371391
3583 0.000376790
3584 0.000079784
3585 0.000079784
3586 0.000127549
3587 0.000127549
3588 0.000117057
3589 0.000209300
3590 0.000183723
3591 0.000117057
3592 0.000102188
3593 0.000102188
3594 0.000102188
3595 0.000102188
3596 0.000102188
3597 0.000102188
3598 0.000127549
3599 0.000127549
3600 0.000206686
3601 0.000145043
3602 0.000145043
3603 0.000191977
3604 0.000261110
3605 0.000165590
3606 0.000158007
3607 0.000176127
3608 0.000105218
3609 0.000203632
3610 0.000203632
3611 0.000085507
3612 0.000085507
3613 0.000165590
3614 0.000104637
3615 0.000104637
3616 0.000165590
3617 0.000165590
3618 0.000138070
3619 0.000251302
3620 0.000105993
3621 0.000105993
3622 0.000105993
3623 0.000165590
3624 0.000165590
3625 0.000165590
3626 0.000114041
3627 0.000241673
3628 0.000105993
3629 0.000105993
3630 0.000138070
3631 0.000134920
3632 0.000154812
3633 0.000219799
3634 0.000219799
3635 0.000154812
3636 0.000154812
3637 0.000092434
3638 0.000092434
3639 0.000092434
3640 0.000092434
3641 0.000092434
3642 0.000092434
3643 0.000092434
3644 0.000092434
3645 0.000092434
3646 0.000092434
3647 0.000092434
3648 0.000092434
3649 0.000092434
3650 0.000092434
3651 0.000092434
3652 0.000092434
3653 0.000092434
3654 0.000092434
3655 0.000092434
3656 0.000092434
3657 0.000092434
3658 0.000092434
3659 0.000092434
3660 0.000092434
3661 0.000092434
3662 0.000092434
3663 0.000111382
3664 0.000197925
3665 0.000111382
3666 0.000134667
3667 0.000134667
3668 0.000127549
3669 0.000127549
3670 0.000127549
3671 0.000127549
3672 0.000080836
3673 0.000114868
3674 0.000114868
3675 0.000114868
3676 0.000114868
3677 0.000114868
3678 0.000114868
3679 0.000127549
3680 0.000127549
3681 0.000114868
3682 0.000114868
3683 0.000114868
3684 0.000114868
3685 0.000114868
3686 0.000114868
3687 0.000111382
3688 0.000197925
3689 0.000111382
3690 0.000060709
3691 0.000060709
3692 0.000060709
